Results Log

logfileUR.txt

Random Generator Seed: 1382220550
Number of Runs: 30
Number of Evaluations: 10000
Random Flag: 1
Puzzle File Name: testpuzzle.txt

Run 1
100	135	146	0	0	-17	-11
200	124	146	-1	4	-17	-12
300	119	146	-2	4	-17	-12
400	116	146	-3	3	-18	-12
500	114	146	-3	4	-18	-12
600	113	143	-3	6	-18	-12
700	112	140	-3	4	-18	-12
800	112	128	-3	4	-18	-12
900	112	128	-3	4	-18	-14
1000	111	127	-2	4	-18	-14
1100	109	127	-3	4	-18	-14
1200	109	127	-3	4	-19	-14
1300	109	130	-3	3	-18	-14
1400	109	124	-2	3	-18	-14
1500	110	127	-3	4	-19	-16
1600	110	123	-2	4	-19	-15
1700	110	127	-2	4	-19	-15
1800	110	123	-2	4	-19	-15
1900	110	122	-3	3	-19	-16
2000	110	120	-3	3	-19	-15
2100	111	124	-3	3	-19	-15
2200	111	120	-2	3	-19	-15
2300	111	124	-2	3	-19	-16
2400	112	120	-3	3	-20	-16
2500	111	120	-3	3	-19	-15
2600	112	120	-3	2	-19	-15
2700	112	121	-3	2	-19	-15
2800	111	122	-4	2	-19	-16
2900	111	122	-4	2	-19	-16
3000	112	122	-4	2	-19	-16
3100	112	122	-5	1	-19	-16
3200	112	125	-4	4	-19	-16
3300	112	125	-4	4	-19	-16
3400	112	125	-4	4	-19	-16
3500	112	126	-4	4	-19	-16
3600	112	126	-5	1	-19	-16
3700	112	125	-4	4	-19	-16
3800	112	121	-4	4	-19	-16
3900	113	122	-4	4	-19	-16
4000	113	125	-5	0	-19	-16
4100	112	122	-4	2	-19	-16
4200	113	125	-5	0	-19	-16
4300	113	125	-5	0	-19	-16
4400	113	121	-5	0	-19	-16
4500	113	121	-5	0	-19	-16
4600	113	121	-5	0	-19	-16
4700	114	125	-5	0	-19	-17
4800	114	125	-5	2	-19	-16
4900	114	121	-5	0	-19	-18
5000	114	125	-5	0	-19	-18
5100	114	128	-6	0	-19	-18
5200	114	128	-6	0	-19	-18
5300	113	119	-6	0	-19	-16
5400	114	121	-6	0	-19	-17
5500	114	121	-7	1	-19	-17
5600	114	120	-7	1	-19	-17
5700	114	119	-7	0	-19	-17
5800	114	122	-7	0	-19	-17
5900	114	124	-7	0	-19	-18
6000	113	121	-7	0	-19	-18
6100	113	121	-7	0	-19	-18
6200	113	123	-7	0	-19	-18
6300	113	123	-7	0	-19	-18
6400	113	123	-7	0	-19	-18
6500	114	123	-7	0	-19	-18
6600	114	123	-7	0	-20	-18
6700	114	118	-7	0	-20	-19
6800	114	118	-7	0	-19	-19
6900	113	118	-7	0	-20	-19
7000	113	118	-7	0	-20	-18
7100	113	126	-7	0	-20	-18
7200	113	120	-7	-3	-20	-18
7300	113	120	-7	0	-20	-18
7400	113	120	-7	0	-20	-19
7500	113	120	-9	-1	-21	-19
7600	113	120	-9	-3	-20	-19
7700	112	122	-8	-3	-20	-19
7800	113	118	-8	-3	-20	-19
7900	112	118	-9	-3	-21	-19
8000	112	118	-9	-3	-21	-18
8100	112	118	-9	-3	-21	-18
8200	112	118	-11	-5	-22	-20
8300	112	120	-11	-5	-22	-20
8400	112	123	-10	-3	-22	-20
8500	113	123	-10	-1	-22	-20
8600	113	118	-11	-1	-22	-20
8700	113	121	-10	-5	-22	-20
8800	113	121	-11	-4	-22	-21
8900	113	121	-11	-3	-22	-20
9000	114	121	-11	-1	-22	-20
9100	114	121	-11	-1	-22	-20
9200	114	121	-11	-5	-22	-20
9300	114	122	-11	-5	-22	-20
9400	114	122	-11	-5	-22	-21
9500	114	121	-11	-5	-23	-21
9600	113	121	-11	-3	-23	-20
9700	114	121	-11	-3	-23	-20
9800	114	121	-12	-12	-23	-21
9900	114	125	-12	-12	-23	-20
10000	114	125	-12	-12	-23	-20

Run 2
100	135	145	0	0	-17	-11
200	125	145	-1	5	-16	-10
300	119	141	-2	5	-16	-10
400	116	140	-3	5	-16	-11
500	116	140	-4	5	-16	-11
600	117	140	-4	5	-16	-11
700	116	137	-5	6	-16	-11
800	117	130	-4	6	-16	-11
900	117	130	-4	6	-17	-8
1000	117	130	-5	1	-17	-11
1100	118	130	-6	1	-17	-11
1200	118	128	-6	1	-17	-11
1300	118	128	-6	2	-17	-12
1400	119	127	-7	0	-18	-11
1500	119	127	-8	2	-18	-11
1600	119	127	-8	2	-18	-13
1700	118	127	-8	2	-18	-13
1800	117	128	-9	2	-18	-14
1900	117	130	-9	2	-18	-14
2000	117	130	-9	1	-18	-14
2100	116	130	-9	0	-19	-15
2200	116	129	-8	0	-19	-14
2300	116	129	-8	1	-19	-14
2400	117	129	-8	1	-19	-16
2500	117	129	-7	2	-19	-16
2600	117	128	-7	1	-19	-17
2700	116	128	-7	2	-19	-17
2800	117	128	-7	2	-19	-16
2900	117	129	-7	1	-19	-16
3000	117	128	-8	0	-19	-16
3100	117	128	-9	0	-19	-17
3200	117	130	-8	1	-20	-17
3300	117	128	-9	1	-19	-17
3400	117	128	-10	1	-19	-17
3500	116	128	-10	1	-19	-17
3600	116	128	-10	2	-19	-18
3700	116	128	-9	2	-19	-17
3800	116	125	-10	2	-19	-17
3900	116	122	-10	-1	-19	-17
4000	115	125	-10	2	-19	-17
4100	115	125	-10	2	-19	-17
4200	114	125	-10	1	-19	-17
4300	115	125	-10	2	-19	-17
4400	115	127	-9	2	-19	-16
4500	115	127	-10	1	-19	-16
4600	115	125	-11	-1	-19	-15
4700	114	123	-11	-1	-19	-15
4800	114	122	-11	-1	-19	-15
4900	113	125	-11	-1	-19	-15
5000	114	125	-11	-1	-19	-17
5100	113	125	-12	-1	-19	-17
5200	113	122	-11	-1	-19	-17
5300	112	125	-11	-1	-19	-15
5400	111	125	-12	-1	-18	-17
5500	110	125	-11	-1	-18	-17
5600	111	125	-12	-1	-19	-17
5700	111	126	-12	-1	-18	-17
5800	110	126	-11	-1	-18	-17
5900	110	126	-11	-1	-18	-17
6000	111	126	-11	-1	-19	-17
6100	110	122	-12	-1	-19	-18
6200	110	122	-12	-1	-18	-17
6300	111	125	-12	-1	-19	-16
6400	111	124	-12	-1	-19	-16
6500	111	124	-11	-1	-19	-16
6600	111	122	-12	-1	-19	-16
6700	111	123	-11	-1	-19	-16
6800	111	126	-12	-1	-19	-16
6900	111	122	-11	-1	-19	-16
7000	111	123	-11	-1	-19	-16
7100	112	123	-11	-1	-19	-16
7200	109	122	-12	-1	-18	-16
7300	108	122	-12	-1	-18	-16
7400	108	122	-12	-1	-18	-17
7500	108	122	-12	-1	-18	-17
7600	108	122	-12	-1	-18	-17
7700	108	122	-12	-1	-18	-17
7800	108	120	-12	-1	-18	-17
7900	108	120	-12	-5	-18	-18
8000	108	120	-12	-5	-18	-18
8100	108	120	-12	-5	-18	-17
8200	107	120	-12	-5	-18	-17
8300	107	120	-12	-5	-18	-17
8400	107	120	-12	-5	-18	-17
8500	108	120	-12	-5	-19	-17
8600	109	120	-12	-6	-19	-18
8700	109	120	-12	-6	-19	-18
8800	108	120	-11	-6	-18	-18
8900	109	120	-12	-3	-18	-18
9000	108	120	-11	-3	-18	-18
9100	108	122	-11	-3	-18	-18
9200	107	121	-11	-3	-18	-18
9300	107	121	-11	-3	-18	-18
9400	107	121	-11	-3	-18	-18
9500	107	121	-11	-3	-18	-18
9600	108	120	-11	-3	-19	-17
9700	108	120	-11	-6	-19	-17
9800	108	122	-11	-4	-19	-17
9900	109	122	-11	-3	-19	-17
10000	109	122	-11	-4	-19	-18

Run 3
100	135	148	0	0	-17	-10
200	123	145	-2	6	-17	-10
300	119	143	-2	6	-17	-11
400	117	140	-3	5	-17	-12
500	115	137	-4	5	-17	-12
600	115	137	-4	5	-17	-12
700	115	133	-4	5	-17	-12
800	115	133	-3	6	-17	-12
900	115	133	-3	5	-17	-12
1000	114	133	-3	5	-17	-13
1100	114	133	-3	5	-17	-13
1200	112	128	-6	1	-17	-13
1300	111	127	-5	1	-17	-13
1400	111	127	-5	5	-17	-13
1500	110	127	-6	2	-17	-13
1600	109	127	-5	5	-17	-13
1700	108	127	-6	5	-18	-14
1800	107	127	-5	5	-18	-14
1900	101	127	-6	1	-19	-15
2000	102	128	-5	1	-19	-15
2100	101	128	-6	0	-19	-15
2200	102	128	-5	0	-20	-16
2300	101	127	-5	1	-20	-16
2400	100	127	-5	1	-19	-16
2500	100	115	-5	1	-20	-15
2600	100	112	-5	1	-19	-15
2700	100	117	-5	1	-20	-15
2800	100	117	-5	1	-20	-15
2900	100	117	-5	1	-20	-15
3000	100	115	-5	1	-20	-15
3100	100	113	-5	1	-20	-15
3200	100	113	-5	1	-20	-15
3300	101	113	-5	0	-20	-15
3400	101	113	-5	0	-21	-16
3500	101	113	-5	0	-21	-16
3600	101	112	-6	0	-21	-15
3700	101	112	-6	0	-20	-16
3800	101	111	-5	0	-20	-16
3900	101	111	-5	0	-20	-16
4000	100	111	-5	0	-20	-16
4100	100	110	-5	0	-20	-15
4200	100	108	-5	1	-20	-15
4300	100	108	-5	0	-20	-15
4400	100	110	-5	0	-20	-15
4500	100	108	-5	0	-20	-15
4600	100	110	-5	0	-20	-15
4700	99	107	-5	0	-20	-16
4800	99	111	-4	0	-20	-18
4900	100	111	-5	0	-21	-18
5000	99	111	-5	0	-21	-18
5100	99	109	-5	0	-21	-18
5200	98	106	-4	0	-21	-19
5300	97	106	-6	0	-22	-20
5400	97	105	-6	0	-21	-20
5500	97	105	-6	0	-22	-19
5600	97	105	-6	0	-22	-20
5700	97	105	-6	0	-22	-20
5800	97	107	-6	0	-22	-20
5900	97	105	-7	-1	-22	-20
6000	97	105	-7	-1	-22	-19
6100	97	105	-7	-1	-22	-20
6200	97	113	-7	-1	-24	-20
6300	97	113	-7	-1	-24	-20
6400	97	113	-8	-1	-24	-21
6500	97	113	-8	-1	-24	-21
6600	97	113	-8	-6	-24	-22
6700	97	113	-8	-6	-24	-22
6800	97	104	-8	-6	-24	-22
6900	96	102	-8	-6	-24	-22
7000	96	102	-8	-6	-24	-22
7100	96	104	-8	-6	-24	-22
7200	95	103	-8	-3	-24	-21
7300	96	103	-8	-3	-24	-19
7400	95	103	-8	-3	-24	-19
7500	95	103	-8	-6	-24	-21
7600	95	103	-8	-6	-23	-21
7700	95	103	-8	-6	-24	-21
7800	95	107	-8	-6	-23	-21
7900	95	107	-8	-6	-23	-21
8000	95	107	-8	-3	-24	-21
8100	95	107	-8	-3	-23	-21
8200	94	103	-8	-3	-24	-23
8300	93	103	-7	-6	-24	-23
8400	93	103	-7	-4	-24	-23
8500	92	101	-7	-4	-24	-22
8600	91	101	-7	0	-24	-22
8700	91	101	-8	-6	-24	-23
8800	91	101	-8	-6	-24	-23
8900	91	101	-7	-6	-24	-23
9000	91	109	-7	-6	-24	-23
9100	90	101	-7	-3	-24	-23
9200	91	101	-7	-3	-24	-23
9300	90	101	-7	0	-23	-23
9400	90	101	-7	0	-24	-23
9500	89	101	-7	0	-24	-23
9600	89	101	-7	0	-24	-23
9700	90	101	-7	0	-24	-23
9800	90	101	-7	0	-23	-23
9900	90	101	-7	-3	-23	-23
10000	89	99	-7	-3	-23	-23

Run 4
100	135	142	0	0	-17	-6
200	125	142	-2	5	-17	-9
300	120	141	-3	5	-17	-9
400	116	140	-3	5	-17	-10
500	115	140	-3	4	-17	-10
600	114	139	-3	4	-17	-9
700	114	137	-3	4	-18	-11
800	114	130	-3	6	-18	-11
900	113	130	-4	5	-18	-11
1000	113	130	-4	5	-19	-12
1100	111	130	-4	5	-19	-12
1200	112	130	-4	5	-19	-12
1300	111	130	-4	5	-19	-15
1400	112	130	-4	5	-20	-16
1500	112	130	-5	5	-21	-16
1600	112	130	-5	5	-21	-16
1700	111	130	-5	5	-21	-16
1800	111	125	-4	5	-20	-16
1900	112	125	-4	5	-21	-16
2000	113	130	-5	5	-21	-16
2100	113	130	-5	5	-21	-16
2200	113	130	-5	3	-21	-16
2300	113	125	-5	3	-21	-16
2400	113	125	-5	0	-21	-16
2500	112	125	-5	0	-21	-16
2600	112	125	-5	3	-21	-18
2700	112	125	-5	3	-21	-18
2800	112	125	-5	0	-21	-18
2900	112	123	-5	0	-21	-18
3000	112	123	-5	0	-21	-18
3100	113	123	-5	0	-21	-18
3200	114	124	-5	0	-22	-18
3300	114	124	-5	0	-21	-18
3400	115	124	-5	0	-22	-18
3500	114	124	-5	1	-22	-18
3600	115	124	-4	0	-22	-18
3700	114	124	-4	0	-22	-18
3800	114	123	-4	0	-22	-18
3900	113	124	-4	0	-22	-18
4000	113	124	-3	0	-22	-18
4100	114	124	-3	-1	-22	-18
4200	114	124	-3	0	-22	-17
4300	113	124	-3	1	-22	-17
4400	113	124	-3	1	-22	-17
4500	113	124	-3	-1	-22	-17
4600	114	127	-3	1	-23	-18
4700	114	127	-3	-1	-22	-18
4800	114	127	-3	-1	-22	-18
4900	115	127	-3	-1	-22	-18
5000	116	127	-3	-1	-22	-17
5100	116	126	-4	1	-22	-17
5200	116	125	-4	1	-22	-17
5300	116	125	-4	0	-22	-17
5400	115	125	-6	0	-21	-17
5500	116	125	-7	0	-21	-17
5600	116	125	-6	0	-21	-17
5700	116	125	-6	0	-21	-17
5800	116	125	-6	0	-21	-17
5900	117	125	-7	0	-21	-17
6000	117	132	-7	0	-21	-17
6100	116	125	-7	0	-21	-17
6200	116	126	-7	-1	-21	-17
6300	116	126	-7	0	-21	-17
6400	116	125	-7	-1	-21	-17
6500	116	129	-7	-1	-21	-17
6600	116	129	-7	-1	-21	-17
6700	116	129	-7	-1	-21	-17
6800	116	129	-7	-1	-21	-17
6900	117	124	-7	-1	-22	-17
7000	118	127	-7	-1	-22	-17
7100	119	129	-7	-1	-21	-17
7200	117	127	-7	-1	-21	-17
7300	117	127	-7	-1	-21	-17
7400	116	124	-8	-1	-21	-17
7500	116	124	-8	-1	-21	-17
7600	116	124	-8	-1	-20	-17
7700	116	124	-8	-1	-20	-17
7800	117	124	-8	-1	-20	-17
7900	117	124	-8	-1	-21	-18
8000	117	124	-8	-1	-20	-18
8100	117	128	-8	-1	-21	-18
8200	116	124	-8	-4	-20	-18
8300	117	125	-8	-4	-20	-18
8400	118	124	-8	-4	-21	-18
8500	118	125	-9	-6	-21	-18
8600	118	125	-9	-5	-21	-18
8700	118	132	-9	-6	-21	-18
8800	118	132	-9	-6	-21	-18
8900	118	128	-9	-4	-21	-18
9000	118	128	-9	-3	-21	-18
9100	118	128	-9	-6	-21	-18
9200	118	125	-9	-6	-21	-18
9300	117	125	-9	-4	-21	-18
9400	116	125	-9	-4	-21	-18
9500	116	128	-9	-4	-21	-18
9600	116	128	-8	-4	-21	-18
9700	115	125	-8	-4	-21	-18
9800	115	124	-8	-3	-21	-19
9900	115	124	-8	-1	-21	-19
10000	115	125	-8	-1	-21	-19

Run 5
100	135	144	0	0	-17	-10
200	124	143	-2	4	-17	-9
300	119	142	-3	5	-17	-10
400	116	142	-4	7	-17	-10
500	114	137	-4	7	-17	-11
600	114	137	-4	7	-17	-10
700	114	137	-4	7	-17	-10
800	113	127	-4	7	-17	-10
900	113	129	-4	7	-18	-12
1000	113	125	-4	7	-18	-15
1100	113	128	-4	7	-18	-14
1200	112	125	-3	7	-18	-14
1300	111	125	-3	7	-18	-14
1400	111	125	-3	4	-18	-14
1500	111	125	-3	7	-18	-14
1600	110	125	-3	7	-18	-14
1700	109	125	-4	7	-19	-15
1800	109	125	-4	7	-19	-14
1900	109	125	-4	7	-19	-14
2000	110	128	-4	7	-19	-14
2100	109	125	-4	6	-20	-15
2200	109	125	-4	6	-19	-15
2300	109	125	-4	6	-20	-15
2400	108	125	-4	6	-20	-16
2500	109	125	-4	6	-20	-16
2600	110	125	-5	6	-20	-17
2700	110	125	-5	6	-20	-16
2800	111	125	-6	6	-20	-15
2900	112	128	-6	3	-20	-17
3000	111	126	-7	2	-20	-17
3100	110	124	-6	2	-20	-16
3200	109	124	-6	2	-20	-16
3300	108	123	-5	2	-20	-18
3400	109	127	-6	2	-20	-18
3500	108	124	-6	2	-20	-18
3600	108	124	-6	2	-20	-18
3700	108	124	-6	2	-20	-18
3800	108	124	-6	2	-20	-18
3900	108	124	-6	2	-20	-18
4000	109	124	-6	2	-20	-18
4100	110	124	-7	2	-20	-18
4200	109	124	-7	2	-20	-18
4300	109	125	-7	2	-20	-18
4400	109	125	-7	2	-20	-18
4500	108	125	-7	2	-20	-18
4600	108	125	-7	2	-20	-18
4700	107	125	-7	2	-20	-18
4800	106	125	-6	2	-20	-17
4900	105	124	-6	-2	-20	-17
5000	106	122	-6	-2	-20	-17
5100	105	122	-6	-2	-20	-18
5200	104	122	-6	2	-19	-18
5300	103	119	-5	-4	-19	-17
5400	103	115	-5	-4	-19	-16
5500	103	115	-5	-4	-19	-17
5600	103	115	-5	-4	-19	-17
5700	104	118	-5	-4	-19	-17
5800	104	118	-5	-4	-19	-18
5900	105	122	-5	1	-19	-17
6000	105	122	-5	1	-19	-17
6100	106	122	-5	1	-19	-17
6200	107	122	-5	1	-19	-17
6300	106	122	-5	-1	-19	-17
6400	105	115	-5	-1	-19	-16
6500	105	120	-4	-1	-19	-16
6600	105	115	-4	-1	-19	-17
6700	106	115	-4	-1	-19	-17
6800	106	119	-5	-1	-19	-17
6900	106	115	-5	0	-19	-17
7000	105	115	-5	0	-20	-17
7100	107	119	-6	-1	-21	-18
7200	108	119	-6	-1	-21	-20
7300	108	118	-6	-1	-21	-20
7400	109	118	-6	-1	-21	-18
7500	109	118	-6	-1	-21	-18
7600	110	118	-6	-1	-21	-18
7700	110	118	-6	-1	-21	-18
7800	110	118	-6	-1	-21	-18
7900	110	122	-6	-1	-21	-18
8000	111	122	-6	-1	-21	-18
8100	110	122	-6	0	-21	-18
8200	111	118	-6	-1	-21	-18
8300	110	118	-6	-1	-21	-18
8400	111	119	-7	-1	-21	-20
8500	111	119	-7	0	-21	-20
8600	112	119	-7	-1	-21	-20
8700	111	119	-7	-1	-21	-20
8800	112	119	-7	-1	-21	-20
8900	112	119	-7	-1	-21	-20
9000	112	122	-7	-1	-21	-20
9100	112	119	-7	-1	-21	-20
9200	113	122	-7	-1	-21	-19
9300	113	122	-7	-1	-21	-20
9400	113	122	-7	-1	-21	-20
9500	113	122	-7	-1	-21	-20
9600	112	122	-7	-1	-21	-20
9700	112	122	-7	-1	-21	-20
9800	113	122	-7	-1	-21	-20
9900	113	122	-7	-1	-21	-20
10000	114	122	-8	-1	-21	-20

Run 6
100	135	146	0	0	-17	-11
200	123	146	-2	4	-17	-11
300	119	146	-3	4	-17	-11
400	116	139	-4	4	-17	-11
500	115	136	-5	4	-17	-13
600	114	136	-4	6	-17	-13
700	114	130	-5	6	-17	-12
800	113	130	-5	5	-17	-12
900	113	132	-5	3	-17	-12
1000	113	130	-5	3	-17	-12
1100	112	131	-6	3	-17	-12
1200	112	131	-6	4	-17	-13
1300	112	131	-7	3	-18	-13
1400	112	133	-8	3	-18	-13
1500	113	125	-8	3	-18	-13
1600	113	125	-9	2	-18	-13
1700	113	128	-9	4	-18	-13
1800	113	125	-9	4	-18	-13
1900	113	125	-8	4	-18	-13
2000	113	125	-9	2	-19	-13
2100	113	125	-9	2	-19	-13
2200	114	125	-9	2	-19	-14
2300	113	123	-9	2	-20	-13
2400	113	123	-8	2	-20	-13
2500	113	122	-8	2	-20	-13
2600	113	122	-8	3	-20	-14
2700	113	122	-8	3	-20	-16
2800	113	123	-9	3	-20	-14
2900	112	122	-9	3	-20	-14
3000	112	122	-9	3	-20	-14
3100	112	122	-10	3	-20	-16
3200	113	122	-9	3	-21	-16
3300	113	123	-9	3	-21	-16
3400	113	123	-9	3	-21	-15
3500	113	122	-10	3	-21	-15
3600	112	122	-11	3	-20	-15
3700	113	122	-12	3	-21	-16
3800	112	122	-13	3	-20	-16
3900	112	122	-13	3	-21	-16
4000	112	122	-14	-2	-21	-16
4100	112	123	-14	-2	-21	-16
4200	113	123	-13	-1	-21	-16
4300	113	123	-14	-2	-21	-15
4400	112	122	-14	-3	-21	-15
4500	112	121	-14	-3	-21	-15
4600	112	121	-14	3	-21	-16
4700	113	121	-14	-3	-21	-16
4800	113	121	-14	-3	-21	-19
4900	113	121	-14	-3	-21	-19
5000	113	125	-14	-3	-21	-19
5100	113	123	-14	-3	-21	-19
5200	113	123	-14	-3	-21	-19
5300	112	120	-14	3	-20	-19
5400	112	121	-14	3	-20	-19
5500	112	121	-14	-3	-20	-19
5600	112	123	-14	1	-20	-19
5700	113	121	-14	3	-21	-19
5800	112	121	-14	-3	-21	-19
5900	112	121	-14	-3	-21	-19
6000	112	117	-15	1	-21	-19
6100	112	116	-15	-5	-20	-19
6200	112	120	-15	-5	-21	-20
6300	112	116	-14	-5	-21	-20
6400	112	120	-14	-5	-21	-20
6500	112	120	-14	-5	-21	-20
6600	112	123	-14	-7	-21	-20
6700	112	117	-13	-5	-21	-20
6800	112	119	-13	-2	-21	-19
6900	112	117	-14	-2	-21	-20
7000	112	117	-14	0	-21	-20
7100	113	117	-14	0	-21	-20
7200	112	117	-13	0	-21	-20
7300	112	120	-14	0	-21	-20
7400	112	120	-13	0	-21	-20
7500	112	120	-14	-7	-21	-20
7600	112	120	-15	-7	-21	-20
7700	112	117	-15	-7	-21	-20
7800	112	119	-16	-7	-21	-20
7900	113	120	-16	-12	-21	-21
8000	113	120	-16	-4	-21	-20
8100	113	120	-16	-14	-21	-20
8200	113	120	-16	-14	-21	-20
8300	113	119	-16	-14	-21	-20
8400	113	119	-16	-14	-21	-20
8500	113	120	-16	-14	-21	-20
8600	113	123	-16	-9	-21	-20
8700	113	123	-16	-9	-21	-19
8800	113	123	-16	-4	-21	-19
8900	113	122	-16	-4	-21	-19
9000	113	122	-16	-4	-21	-19
9100	113	122	-16	-4	-21	-19
9200	114	121	-16	-4	-21	-20
9300	114	121	-16	-4	-21	-20
9400	114	121	-16	-4	-21	-20
9500	114	121	-16	-7	-21	-19
9600	114	122	-16	-9	-21	-19
9700	115	122	-16	-9	-21	-19
9800	114	122	-16	-4	-21	-20
9900	114	122	-16	-4	-21	-20
10000	114	122	-16	-4	-21	-20

Run 7
100	136	143	0	0	-17	-12
200	125	143	-3	4	-17	-13
300	120	142	-5	4	-18	-13
400	118	142	-5	4	-18	-13
500	117	142	-6	7	-18	-12
600	116	140	-6	4	-18	-12
700	116	129	-7	2	-18	-12
800	115	127	-8	1	-19	-12
900	112	129	-9	0	-19	-12
1000	112	127	-8	0	-19	-13
1100	112	127	-9	-2	-19	-14
1200	112	127	-9	1	-19	-12
1300	112	127	-9	1	-20	-13
1400	112	127	-9	1	-20	-13
1500	111	127	-8	1	-20	-13
1600	111	127	-8	-2	-20	-14
1700	111	127	-8	-2	-20	-13
1800	109	125	-8	-2	-21	-14
1900	109	125	-9	-2	-21	-16
2000	110	125	-10	-2	-21	-17
2100	109	125	-10	-2	-21	-17
2200	110	125	-10	-5	-22	-19
2300	109	126	-10	-6	-21	-19
2400	110	126	-10	-2	-22	-19
2500	109	126	-9	-2	-22	-19
2600	108	126	-9	-2	-22	-20
2700	108	126	-9	-2	-22	-20
2800	108	126	-9	-2	-22	-20
2900	109	128	-9	-2	-22	-20
3000	109	126	-9	-2	-22	-20
3100	108	126	-9	-1	-22	-20
3200	108	122	-8	-2	-22	-21
3300	108	122	-8	-2	-22	-20
3400	108	122	-8	-2	-22	-20
3500	108	122	-9	-2	-22	-20
3600	108	122	-9	-1	-22	-20
3700	109	122	-9	-2	-22	-19
3800	110	122	-9	-2	-22	-19
3900	110	126	-9	-2	-22	-19
4000	110	126	-9	0	-22	-19
4100	110	126	-10	0	-22	-19
4200	110	126	-10	-2	-22	-19
4300	109	126	-10	-2	-22	-20
4400	108	123	-10	-2	-22	-20
4500	109	124	-9	-2	-22	-20
4600	108	126	-9	-2	-22	-20
4700	107	126	-9	-2	-22	-20
4800	108	126	-9	-1	-22	-20
4900	109	126	-10	-1	-22	-20
5000	109	126	-10	-1	-23	-21
5100	109	126	-10	-1	-23	-21
5200	110	126	-10	-1	-23	-21
5300	110	126	-11	0	-23	-21
5400	110	126	-11	0	-23	-21
5500	110	126	-10	0	-23	-21
5600	110	126	-10	-1	-23	-21
5700	110	126	-10	-1	-23	-21
5800	110	126	-10	-1	-23	-21
5900	111	126	-10	-1	-23	-21
6000	111	126	-10	0	-23	-21
6100	110	122	-10	-1	-23	-21
6200	110	123	-10	-1	-23	-21
6300	110	126	-9	-1	-23	-21
6400	110	126	-9	0	-23	-21
6500	111	126	-10	0	-23	-21
6600	112	126	-10	0	-23	-21
6700	109	122	-10	-1	-23	-21
6800	108	122	-9	0	-23	-21
6900	107	126	-9	-1	-23	-21
7000	107	123	-9	-1	-23	-20
7100	107	125	-9	-1	-23	-20
7200	107	125	-9	-1	-23	-20
7300	106	125	-9	-1	-23	-21
7400	107	125	-10	-8	-22	-21
7500	108	126	-10	-7	-22	-21
7600	108	125	-10	-7	-23	-21
7700	109	123	-10	-8	-23	-20
7800	109	125	-10	-8	-23	-20
7900	110	126	-10	-1	-23	-20
8000	111	126	-10	-7	-23	-19
8100	111	126	-10	0	-23	-21
8200	111	126	-10	0	-23	-21
8300	112	130	-11	0	-24	-21
8400	112	128	-10	0	-24	-21
8500	112	128	-10	0	-24	-21
8600	113	128	-10	0	-24	-21
8700	113	128	-10	0	-24	-21
8800	112	128	-10	0	-24	-21
8900	112	128	-10	0	-24	-21
9000	112	126	-9	0	-24	-21
9100	112	126	-10	0	-24	-21
9200	112	126	-10	1	-24	-21
9300	112	126	-10	1	-24	-21
9400	115	127	-11	1	-24	-21
9500	116	127	-11	-8	-24	-22
9600	115	127	-11	-6	-24	-21
9700	114	127	-11	-8	-24	-19
9800	114	128	-11	-8	-24	-19
9900	113	128	-11	-8	-24	-19
10000	112	127	-10	-8	-24	-21

Run 8
100	135	144	0	0	-17	-10
200	125	144	-2	3	-17	-10
300	119	144	-3	6	-18	-10
400	117	144	-3	6	-18	-11
500	116	144	-3	6	-17	-11
600	116	144	-4	3	-18	-11
700	116	128	-4	4	-18	-11
800	116	131	-4	4	-18	-12
900	116	131	-4	4	-18	-11
1000	116	131	-5	7	-17	-11
1100	115	131	-5	7	-17	-11
1200	115	131	-7	4	-17	-11
1300	116	128	-8	6	-17	-13
1400	115	127	-8	6	-17	-11
1500	116	127	-12	6	-18	-12
1600	116	127	-12	6	-18	-12
1700	115	127	-11	6	-18	-12
1800	115	127	-11	6	-18	-12
1900	115	127	-12	6	-19	-12
2000	114	127	-12	0	-18	-12
2100	116	127	-13	0	-19	-14
2200	113	127	-11	0	-19	-14
2300	113	123	-11	0	-19	-14
2400	114	123	-11	0	-19	-14
2500	112	123	-10	0	-19	-14
2600	112	123	-10	0	-19	-14
2700	110	119	-8	0	-18	-14
2800	109	121	-8	0	-18	-14
2900	109	123	-8	0	-18	-14
3000	108	123	-8	0	-18	-14
3100	109	124	-9	0	-18	-14
3200	109	124	-9	0	-18	-14
3300	109	124	-9	0	-18	-13
3400	109	124	-9	0	-18	-15
3500	109	124	-9	0	-18	-14
3600	109	123	-9	0	-18	-14
3700	108	123	-9	0	-19	-15
3800	108	123	-9	0	-19	-14
3900	107	123	-9	0	-18	-14
4000	106	121	-8	1	-18	-14
4100	106	122	-8	0	-18	-14
4200	106	119	-8	0	-18	-14
4300	105	122	-9	0	-18	-14
4400	107	121	-11	-2	-19	-14
4500	107	123	-10	0	-19	-14
4600	107	121	-9	0	-19	-14
4700	106	121	-9	0	-19	-15
4800	106	117	-8	0	-19	-15
4900	106	117	-8	0	-19	-15
5000	106	117	-8	0	-19	-15
5100	107	117	-8	0	-19	-15
5200	107	117	-9	0	-20	-15
5300	107	117	-8	1	-20	-15
5400	107	117	-9	0	-20	-15
5500	106	117	-9	0	-20	-15
5600	106	117	-9	0	-20	-15
5700	106	116	-9	0	-20	-16
5800	106	116	-9	0	-20	-15
5900	105	116	-9	0	-20	-15
6000	105	113	-9	0	-20	-15
6100	105	111	-10	0	-20	-15
6200	104	111	-9	0	-20	-15
6300	105	111	-10	0	-20	-15
6400	105	111	-9	0	-20	-15
6500	105	111	-9	0	-20	-15
6600	104	111	-9	0	-20	-15
6700	105	111	-10	-8	-21	-15
6800	105	111	-10	-6	-21	-15
6900	105	111	-9	0	-21	-17
7000	105	111	-10	0	-20	-15
7100	104	111	-10	0	-20	-15
7200	105	113	-10	-6	-20	-15
7300	104	111	-10	0	-20	-17
7400	104	111	-10	0	-20	-17
7500	103	111	-9	0	-21	-17
7600	103	111	-9	0	-21	-17
7700	102	111	-9	-8	-21	-19
7800	103	111	-10	-8	-21	-19
7900	103	111	-9	-8	-21	-19
8000	103	111	-9	-6	-21	-19
8100	102	110	-10	-6	-21	-19
8200	102	109	-10	-6	-21	-19
8300	102	114	-10	-6	-21	-19
8400	102	111	-10	-2	-20	-19
8500	102	111	-10	-2	-21	-19
8600	102	112	-11	-2	-21	-19
8700	102	112	-10	-2	-21	-19
8800	102	112	-10	-8	-21	-19
8900	102	112	-10	-2	-21	-19
9000	101	112	-9	-2	-21	-20
9100	101	112	-9	-2	-21	-20
9200	101	112	-9	-2	-21	-19
9300	101	112	-10	-2	-21	-19
9400	101	112	-9	-2	-21	-19
9500	101	114	-9	-2	-21	-19
9600	101	112	-10	-2	-21	-19
9700	100	109	-9	-2	-21	-18
9800	100	112	-9	-2	-21	-18
9900	100	112	-10	-2	-21	-18
10000	100	112	-10	-2	-21	-18

Run 9
100	135	143	0	0	-17	-10
200	124	143	-2	4	-17	-10
300	119	143	-3	4	-17	-10
400	117	143	-4	4	-17	-12
500	116	143	-4	4	-17	-12
600	115	140	-5	4	-18	-11
700	115	137	-5	5	-17	-11
800	115	129	-5	3	-17	-11
900	115	127	-6	3	-17	-11
1000	116	131	-8	2	-18	-11
1100	115	128	-7	4	-18	-11
1200	114	128	-6	4	-18	-10
1300	114	128	-6	4	-18	-7
1400	113	128	-8	0	-18	-11
1500	113	129	-8	0	-18	-10
1600	113	129	-8	1	-19	-11
1700	113	127	-8	4	-19	-11
1800	113	128	-8	1	-19	-7
1900	113	123	-8	2	-18	-8
2000	113	127	-8	-1	-18	-11
2100	111	127	-8	-1	-19	-11
2200	112	127	-8	-1	-19	-11
2300	112	125	-9	-2	-19	-11
2400	113	125	-8	-1	-20	-11
2500	113	125	-8	-1	-20	-11
2600	113	125	-8	-1	-20	-11
2700	113	125	-8	-1	-20	-11
2800	114	129	-8	-1	-20	-11
2900	114	125	-8	-3	-20	-18
3000	114	125	-8	-1	-20	-18
3100	113	125	-8	-1	-20	-18
3200	113	125	-8	-1	-20	-18
3300	114	125	-8	-4	-20	-18
3400	114	125	-8	-4	-20	-18
3500	114	125	-8	0	-20	-18
3600	114	125	-8	0	-20	-18
3700	114	123	-9	-4	-20	-18
3800	114	125	-8	-4	-20	-18
3900	113	125	-8	-4	-20	-18
4000	114	125	-8	-4	-20	-18
4100	112	125	-8	-4	-20	-18
4200	112	125	-8	-4	-20	-18
4300	112	128	-8	-4	-20	-18
4400	112	125	-8	-4	-20	-18
4500	112	125	-8	-4	-20	-18
4600	112	125	-9	-3	-20	-18
4700	111	125	-8	0	-20	-18
4800	112	125	-8	0	-20	-18
4900	113	125	-8	0	-20	-18
5000	112	126	-8	-3	-20	-18
5100	112	125	-9	-3	-20	-18
5200	113	126	-9	-3	-20	-19
5300	114	126	-10	-1	-20	-19
5400	114	126	-10	-3	-21	-18
5500	115	126	-10	-6	-21	-19
5600	115	126	-10	-4	-21	-19
5700	116	126	-10	-4	-21	-19
5800	115	126	-10	-4	-21	-19
5900	115	126	-10	-4	-21	-20
6000	115	126	-10	-4	-21	-20
6100	115	126	-10	-4	-21	-20
6200	114	126	-10	-4	-21	-20
6300	113	126	-9	-4	-21	-20
6400	113	125	-9	-4	-20	-19
6500	112	125	-9	-4	-20	-19
6600	111	126	-9	-4	-20	-19
6700	111	126	-9	-4	-20	-19
6800	112	126	-9	-4	-20	-19
6900	111	122	-9	-4	-20	-20
7000	111	126	-8	-4	-20	-20
7100	111	123	-9	-4	-20	-20
7200	111	121	-9	-4	-21	-20
7300	112	125	-9	-4	-21	-20
7400	112	124	-8	-3	-21	-20
7500	112	125	-9	-3	-21	-20
7600	113	125	-9	-3	-21	-20
7700	109	125	-9	-3	-21	-20
7800	109	125	-9	-4	-21	-20
7900	110	125	-9	-4	-21	-20
8000	108	125	-9	0	-21	-20
8100	108	120	-9	-4	-21	-20
8200	107	121	-9	-4	-21	-20
8300	106	124	-8	-4	-21	-20
8400	107	124	-8	-1	-21	-19
8500	107	124	-8	-1	-21	-19
8600	108	124	-9	-1	-20	-19
8700	108	124	-9	-1	-20	-19
8800	105	124	-9	-1	-21	-19
8900	108	121	-11	-1	-21	-19
9000	109	121	-12	-4	-21	-19
9100	110	121	-12	-4	-21	-20
9200	110	121	-12	-4	-21	-20
9300	110	121	-12	-4	-21	-20
9400	111	124	-13	-4	-21	-20
9500	110	124	-13	-4	-21	-20
9600	109	121	-13	-4	-21	-19
9700	109	126	-13	-4	-20	-20
9800	109	126	-12	-4	-21	-20
9900	110	121	-13	-4	-21	-20
10000	111	121	-13	0	-20	-20

Run 10
100	135	145	0	0	-18	-9
200	124	145	-2	5	-17	-10
300	118	145	-3	5	-17	-10
400	116	139	-3	5	-17	-11
500	114	137	-3	6	-17	-11
600	113	128	-3	6	-17	-10
700	112	128	-4	6	-18	-11
800	110	127	-7	4	-17	-10
900	111	127	-6	2	-17	-10
1000	111	127	-6	5	-17	-10
1100	109	127	-6	3	-17	-10
1200	107	127	-5	3	-18	-10
1300	107	127	-6	4	-18	-13
1400	107	127	-6	5	-19	-13
1500	105	124	-7	5	-18	-13
1600	105	123	-7	4	-18	-13
1700	104	125	-7	4	-18	-13
1800	104	124	-6	4	-18	-13
1900	104	127	-6	5	-20	-15
2000	103	124	-7	4	-20	-15
2100	104	125	-8	4	-20	-13
2200	104	127	-7	5	-20	-13
2300	104	124	-7	5	-20	-13
2400	103	127	-6	5	-20	-13
2500	102	127	-5	5	-20	-13
2600	102	127	-5	4	-21	-13
2700	102	122	-5	4	-22	-13
2800	102	113	-5	4	-21	-13
2900	102	116	-5	4	-21	-13
3000	101	118	-4	4	-21	-13
3100	102	118	-5	4	-22	-13
3200	102	118	-5	4	-22	-15
3300	102	118	-6	4	-22	-15
3400	103	118	-7	4	-22	-13
3500	102	118	-6	4	-22	-13
3600	103	120	-7	5	-22	-13
3700	102	118	-7	5	-22	-13
3800	102	118	-7	5	-22	-13
3900	101	120	-7	5	-22	-13
4000	101	120	-6	5	-22	-13
4100	101	120	-7	4	-24	-14
4200	100	117	-7	4	-23	-14
4300	101	120	-7	4	-24	-16
4400	100	116	-6	4	-25	-16
4500	99	116	-6	4	-25	-18
4600	99	111	-6	4	-25	-17
4700	99	111	-6	4	-25	-17
4800	98	111	-6	4	-25	-17
4900	99	110	-6	4	-25	-17
5000	99	111	-6	4	-25	-17
5100	99	112	-6	4	-25	-17
5200	99	115	-7	-3	-26	-17
5300	98	111	-6	0	-26	-19
5400	99	112	-7	-3	-25	-19
5500	99	112	-8	-3	-25	-19
5600	100	112	-8	-4	-25	-19
5700	100	115	-7	-4	-25	-22
5800	101	115	-7	-3	-25	-22
5900	101	115	-8	-3	-25	-22
6000	102	115	-7	-3	-25	-22
6100	102	117	-8	-3	-25	-22
6200	101	117	-8	-3	-25	-22
6300	102	116	-8	-3	-25	-22
6400	102	116	-8	-3	-25	-22
6500	102	116	-8	-3	-26	-22
6600	101	115	-8	-3	-26	-23
6700	102	113	-8	-3	-26	-23
6800	103	115	-8	-1	-26	-23
6900	103	115	-8	-1	-26	-23
7000	103	115	-7	-4	-26	-23
7100	103	116	-8	-4	-26	-23
7200	104	116	-7	-4	-26	-23
7300	104	117	-7	-4	-26	-23
7400	104	117	-8	-4	-26	-23
7500	105	117	-8	-4	-26	-23
7600	104	120	-8	-4	-26	-23
7700	104	120	-8	-4	-26	-23
7800	104	120	-8	-4	-26	-23
7900	104	120	-8	-4	-26	-23
8000	104	120	-8	-4	-26	-23
8100	105	120	-7	-4	-26	-22
8200	106	120	-7	0	-26	-22
8300	106	120	-7	0	-26	-22
8400	106	120	-8	0	-26	-22
8500	107	120	-7	0	-27	-22
8600	107	120	-8	0	-27	-22
8700	107	120	-8	0	-27	-22
8800	105	120	-7	-1	-27	-22
8900	105	120	-7	-1	-27	-22
9000	106	120	-7	-4	-27	-22
9100	106	120	-7	-4	-27	-22
9200	106	120	-7	-4	-27	-22
9300	106	120	-7	-4	-27	-23
9400	107	120	-7	-4	-27	-24
9500	106	120	-7	-4	-27	-24
9600	106	120	-7	-4	-27	-24
9700	105	120	-7	-4	-27	-23
9800	106	120	-7	-3	-27	-23
9900	105	120	-7	-2	-27	-23
10000	104	120	-7	-2	-27	-23

Run 11
100	135	144	0	0	-17	-10
200	125	144	-1	3	-17	-12
300	120	144	-2	5	-17	-12
400	116	144	-3	5	-17	-12
500	115	142	-3	6	-17	-12
600	114	138	-3	5	-17	-12
700	113	132	-3	5	-17	-10
800	113	132	-3	5	-17	-10
900	112	128	-3	5	-18	-12
1000	107	123	-3	5	-17	-12
1100	107	123	-4	5	-18	-12
1200	106	123	-4	5	-18	-12
1300	106	124	-4	4	-19	-14
1400	106	120	-4	4	-19	-14
1500	105	120	-4	4	-18	-14
1600	105	118	-4	4	-19	-14
1700	104	118	-4	2	-19	-14
1800	104	118	-4	5	-18	-14
1900	103	118	-5	2	-19	-15
2000	104	118	-5	2	-19	-15
2100	103	118	-5	2	-19	-14
2200	103	118	-5	2	-19	-14
2300	102	118	-5	1	-19	-14
2400	102	119	-5	1	-19	-15
2500	102	119	-5	1	-20	-15
2600	101	116	-4	4	-20	-16
2700	101	119	-4	0	-20	-17
2800	100	119	-4	-1	-20	-17
2900	101	121	-4	-1	-20	-17
3000	100	116	-4	0	-20	-17
3100	101	116	-4	0	-20	-17
3200	100	116	-4	0	-20	-17
3300	100	116	-4	-1	-20	-17
3400	100	114	-4	-1	-21	-19
3500	100	116	-4	-1	-21	-19
3600	100	116	-4	-1	-21	-19
3700	100	116	-4	0	-21	-19
3800	101	116	-4	0	-21	-19
3900	102	116	-4	0	-21	-19
4000	101	114	-4	0	-21	-19
4100	101	116	-4	1	-21	-19
4200	101	116	-4	1	-21	-19
4300	101	116	-4	1	-21	-19
4400	101	118	-4	0	-21	-19
4500	102	118	-4	0	-21	-19
4600	102	118	-5	0	-21	-19
4700	102	118	-5	0	-21	-19
4800	100	117	-4	1	-21	-19
4900	100	117	-4	0	-21	-18
5000	98	117	-4	-1	-21	-19
5100	98	116	-4	-1	-21	-18
5200	98	116	-4	-1	-21	-19
5300	98	117	-4	0	-22	-19
5400	98	117	-4	0	-21	-17
5500	99	116	-4	0	-21	-19
5600	99	120	-4	0	-21	-19
5700	99	116	-4	0	-21	-18
5800	98	117	-4	0	-21	-19
5900	98	116	-4	0	-21	-18
6000	99	120	-3	0	-21	-18
6100	100	120	-4	0	-21	-18
6200	100	121	-4	0	-21	-18
6300	101	123	-4	0	-21	-18
6400	101	120	-4	1	-21	-18
6500	101	120	-4	0	-21	-18
6600	99	119	-4	1	-21	-18
6700	99	119	-4	0	-21	-18
6800	99	119	-4	1	-21	-18
6900	100	119	-4	1	-21	-18
7000	100	119	-4	1	-21	-18
7100	100	119	-4	1	-21	-18
7200	99	119	-4	0	-21	-18
7300	99	119	-4	0	-21	-18
7400	100	119	-4	0	-21	-18
7500	101	119	-5	0	-21	-18
7600	102	121	-5	1	-21	-18
7700	102	121	-4	1	-21	-18
7800	101	121	-5	1	-21	-18
7900	101	117	-5	1	-21	-18
8000	102	119	-5	1	-20	-18
8100	101	117	-5	1	-20	-18
8200	101	119	-5	1	-20	-18
8300	99	123	-5	1	-20	-18
8400	98	123	-5	0	-20	-18
8500	99	120	-5	0	-20	-18
8600	98	120	-5	1	-20	-18
8700	98	119	-5	1	-20	-18
8800	99	116	-6	1	-20	-18
8900	99	115	-5	1	-20	-18
9000	99	115	-5	1	-20	-18
9100	100	116	-6	1	-20	-18
9200	100	116	-6	1	-20	-18
9300	100	116	-6	1	-20	-18
9400	99	116	-6	1	-20	-18
9500	99	116	-6	1	-20	-18
9600	99	116	-6	1	-20	-18
9700	99	116	-6	0	-20	-18
9800	99	116	-7	0	-20	-18
9900	98	109	-6	0	-20	-18
10000	99	109	-6	1	-20	-18

Run 12
100	136	145	0	0	-17	-11
200	125	144	-2	4	-18	-11
300	120	143	-3	4	-17	-10
400	117	141	-4	4	-17	-12
500	116	138	-4	4	-17	-10
600	114	137	-4	5	-17	-11
700	114	137	-5	5	-17	-10
800	114	137	-5	5	-17	-10
900	114	127	-5	5	-16	-10
1000	113	124	-5	5	-16	-10
1100	111	123	-5	5	-17	-10
1200	111	120	-5	5	-17	-10
1300	111	121	-5	5	-17	-11
1400	110	119	-5	5	-17	-12
1500	111	122	-5	5	-17	-12
1600	110	121	-5	5	-17	-12
1700	110	121	-4	5	-17	-12
1800	108	117	-4	5	-18	-13
1900	108	117	-4	5	-17	-13
2000	108	117	-4	5	-17	-13
2100	108	119	-5	2	-17	-13
2200	109	122	-5	4	-17	-13
2300	109	122	-5	4	-17	-13
2400	109	119	-5	4	-17	-13
2500	108	119	-5	4	-18	-13
2600	108	119	-5	2	-18	-13
2700	108	121	-6	2	-18	-13
2800	109	121	-5	2	-18	-12
2900	109	121	-5	2	-18	-13
3000	109	121	-5	2	-18	-13
3100	109	121	-5	2	-18	-13
3200	108	121	-5	2	-18	-13
3300	108	119	-5	2	-18	-13
3400	108	119	-6	2	-18	-13
3500	108	119	-5	2	-18	-13
3600	109	119	-6	2	-18	-13
3700	108	119	-5	2	-18	-13
3800	108	119	-6	2	-18	-13
3900	108	119	-5	2	-17	-13
4000	108	117	-6	2	-17	-13
4100	108	117	-6	2	-17	-13
4200	109	117	-6	2	-17	-13
4300	109	119	-6	2	-17	-13
4400	108	117	-6	2	-17	-13
4500	108	119	-6	2	-17	-13
4600	108	119	-6	2	-17	-13
4700	109	118	-7	2	-17	-13
4800	108	118	-7	2	-17	-13
4900	108	120	-7	2	-18	-13
5000	108	120	-7	2	-18	-13
5100	108	118	-7	2	-18	-13
5200	109	118	-7	2	-18	-14
5300	108	118	-7	2	-18	-13
5400	109	118	-7	2	-19	-12
5500	109	118	-7	2	-19	-14
5600	109	120	-7	2	-19	-14
5700	110	118	-7	2	-20	-14
5800	105	114	-7	5	-19	-13
5900	104	119	-7	2	-19	-14
6000	104	119	-8	2	-19	-13
6100	104	119	-8	2	-19	-13
6200	104	119	-7	2	-19	-13
6300	104	119	-8	2	-19	-13
6400	104	119	-7	2	-19	-13
6500	104	119	-6	2	-19	-13
6600	103	115	-7	2	-19	-13
6700	103	115	-6	2	-20	-13
6800	102	113	-7	2	-20	-13
6900	102	113	-7	2	-19	-13
7000	102	113	-7	2	-19	-13
7100	101	113	-7	2	-19	-13
7200	101	113	-7	2	-19	-13
7300	102	113	-8	2	-19	-13
7400	101	113	-7	2	-19	-13
7500	101	113	-7	2	-18	-13
7600	102	113	-8	2	-19	-13
7700	102	113	-8	2	-19	-13
7800	102	113	-8	2	-19	-13
7900	102	113	-8	2	-19	-14
8000	102	112	-8	2	-19	-13
8100	101	109	-8	2	-20	-13
8200	100	109	-8	2	-19	-13
8300	100	109	-8	2	-19	-14
8400	101	109	-8	-3	-19	-13
8500	101	109	-8	-3	-19	-13
8600	101	113	-8	0	-20	-14
8700	100	109	-7	0	-19	-14
8800	100	110	-7	0	-19	-14
8900	100	110	-7	2	-19	-14
9000	100	109	-7	2	-19	-14
9100	99	109	-7	2	-19	-14
9200	99	109	-7	0	-19	-14
9300	99	113	-7	0	-19	-14
9400	99	108	-7	0	-19	-14
9500	98	108	-7	0	-19	-14
9600	99	108	-7	0	-18	-14
9700	98	108	-7	0	-18	-14
9800	98	108	-7	0	-18	-14
9900	97	108	-6	0	-18	-14
10000	99	112	-7	0	-19	-14

Run 13
100	135	144	0	0	-17	-5
200	125	143	-2	6	-17	-10
300	121	143	-3	6	-18	-11
400	118	143	-4	6	-17	-10
500	117	143	-4	3	-17	-10
600	115	137	-5	5	-17	-8
700	115	135	-5	5	-16	-8
800	115	127	-5	1	-16	-8
900	115	126	-6	1	-16	-9
1000	116	129	-5	1	-16	-9
1100	115	129	-5	1	-16	-8
1200	115	129	-6	3	-16	-8
1300	115	129	-6	1	-16	-8
1400	115	129	-6	1	-16	-8
1500	114	127	-5	3	-16	-8
1600	113	124	-6	3	-17	-8
1700	113	124	-5	3	-17	-8
1800	114	126	-6	2	-17	-8
1900	114	127	-6	1	-17	-8
2000	114	129	-6	1	-17	-9
2100	114	129	-6	1	-17	-12
2200	114	129	-6	3	-17	-12
2300	114	129	-6	0	-17	-9
2400	115	129	-6	0	-17	-8
2500	115	130	-6	-2	-16	-8
2600	116	129	-6	-1	-16	-8
2700	115	129	-7	0	-16	-8
2800	115	126	-7	0	-17	-8
2900	116	127	-7	0	-17	-8
3000	115	126	-7	0	-17	-8
3100	116	126	-7	0	-17	-8
3200	111	123	-6	0	-17	-8
3300	111	123	-6	0	-17	-8
3400	110	124	-6	0	-17	-8
3500	110	126	-6	0	-17	-8
3600	110	126	-5	0	-17	-8
3700	111	126	-6	0	-17	-8
3800	107	120	-4	1	-18	-13
3900	107	118	-4	1	-19	-15
4000	107	120	-4	1	-19	-15
4100	107	117	-4	1	-19	-15
4200	107	117	-4	1	-19	-15
4300	107	117	-4	1	-19	-15
4400	107	117	-4	1	-19	-15
4500	107	118	-4	1	-19	-15
4600	108	118	-4	0	-19	-15
4700	108	126	-4	1	-19	-15
4800	107	126	-4	1	-19	-15
4900	107	126	-4	1	-20	-16
5000	107	119	-3	1	-20	-16
5100	108	119	-4	0	-20	-16
5200	107	123	-4	0	-20	-16
5300	107	123	-4	1	-20	-16
5400	109	123	-5	1	-20	-16
5500	109	123	-5	0	-20	-16
5600	108	123	-5	1	-20	-16
5700	108	123	-4	1	-20	-16
5800	108	123	-5	1	-20	-16
5900	108	123	-5	0	-20	-15
6000	108	123	-5	0	-20	-16
6100	108	123	-5	0	-20	-16
6200	109	123	-6	0	-19	-15
6300	109	123	-6	0	-20	-15
6400	108	123	-6	0	-20	-16
6500	107	119	-6	0	-20	-16
6600	108	119	-6	-2	-20	-17
6700	108	122	-6	-2	-20	-17
6800	107	122	-6	0	-20	-17
6900	107	118	-6	0	-20	-17
7000	106	118	-6	0	-20	-17
7100	106	116	-6	0	-20	-18
7200	106	116	-6	0	-21	-17
7300	107	117	-6	0	-21	-16
7400	107	117	-6	0	-21	-18
7500	107	118	-6	0	-21	-19
7600	108	118	-6	0	-21	-17
7700	108	118	-6	0	-21	-17
7800	108	118	-6	0	-21	-17
7900	109	118	-6	0	-21	-17
8000	109	118	-6	0	-21	-18
8100	109	121	-6	0	-21	-18
8200	109	117	-6	0	-21	-18
8300	109	118	-7	-2	-21	-18
8400	109	118	-7	-2	-21	-18
8500	109	118	-7	-2	-21	-18
8600	110	120	-7	-2	-21	-19
8700	110	118	-8	-5	-21	-19
8800	110	120	-8	-5	-21	-19
8900	110	122	-8	0	-21	-19
9000	110	120	-8	0	-21	-19
9100	109	118	-8	0	-21	-19
9200	109	118	-8	0	-21	-19
9300	109	118	-8	-5	-21	-19
9400	108	118	-7	-1	-21	-19
9500	109	118	-7	-5	-21	-19
9600	109	118	-7	0	-21	-19
9700	109	118	-7	0	-22	-19
9800	109	124	-7	0	-21	-19
9900	109	118	-7	-5	-22	-19
10000	109	118	-7	-5	-22	-19

Run 14
100	135	144	0	0	-17	-10
200	127	144	-2	4	-17	-11
300	121	144	-3	5	-17	-10
400	119	144	-4	5	-17	-10
500	117	144	-5	5	-17	-12
600	117	136	-5	5	-17	-10
700	118	136	-4	5	-17	-10
800	118	136	-5	5	-17	-10
900	117	129	-6	6	-17	-10
1000	117	129	-6	4	-17	-10
1100	118	129	-6	4	-18	-12
1200	118	130	-7	4	-18	-12
1300	117	130	-8	2	-19	-14
1400	117	130	-7	5	-19	-14
1500	117	130	-6	3	-19	-14
1600	117	129	-7	5	-19	-14
1700	116	129	-9	5	-19	-15
1800	116	129	-9	4	-19	-15
1900	116	129	-9	5	-19	-15
2000	116	129	-10	5	-19	-14
2100	116	129	-10	3	-19	-14
2200	116	129	-10	2	-19	-14
2300	116	129	-10	2	-19	-14
2400	116	129	-10	3	-20	-15
2500	115	128	-9	3	-20	-15
2600	115	125	-10	3	-20	-16
2700	115	125	-11	2	-20	-16
2800	115	125	-11	0	-20	-16
2900	113	125	-12	3	-20	-16
3000	114	125	-11	3	-20	-16
3100	113	125	-10	3	-21	-16
3200	113	125	-11	3	-20	-16
3300	114	125	-11	3	-21	-16
3400	115	125	-11	3	-21	-16
3500	114	126	-12	3	-21	-16
3600	114	126	-12	3	-20	-16
3700	116	125	-12	3	-20	-16
3800	116	125	-13	3	-20	-18
3900	113	122	-17	3	-19	-18
4000	113	126	-17	3	-19	-18
4100	113	124	-16	3	-19	-18
4200	113	124	-17	3	-20	-18
4300	112	124	-18	3	-19	-18
4400	111	126	-18	3	-19	-17
4500	111	126	-18	3	-19	-18
4600	111	125	-18	3	-19	-18
4700	110	124	-19	3	-19	-18
4800	110	124	-18	3	-19	-18
4900	110	125	-19	3	-18	-16
5000	110	124	-18	3	-18	-16
5100	110	124	-18	3	-18	-18
5200	111	124	-17	3	-19	-18
5300	111	125	-17	3	-19	-17
5400	111	125	-18	3	-19	-18
5500	111	125	-18	3	-19	-18
5600	111	125	-17	3	-19	-18
5700	111	125	-18	0	-19	-18
5800	110	125	-18	3	-19	-18
5900	111	125	-18	3	-19	-18
6000	110	121	-19	3	-18	-18
6100	111	123	-19	3	-18	-17
6200	110	123	-18	3	-18	-17
6300	110	123	-18	3	-18	-17
6400	110	123	-18	3	-18	-18
6500	110	119	-18	3	-18	-17
6600	110	120	-17	3	-18	-17
6700	110	120	-18	3	-19	-17
6800	110	123	-18	3	-19	-17
6900	110	120	-18	3	-18	-18
7000	110	120	-19	-1	-18	-18
7100	109	120	-19	-1	-18	-18
7200	109	120	-19	-1	-18	-18
7300	109	119	-19	-12	-18	-17
7400	109	119	-19	-10	-18	-17
7500	110	119	-19	-10	-18	-18
7600	110	119	-19	-10	-19	-18
7700	110	119	-19	-10	-19	-18
7800	109	119	-19	-10	-19	-18
7900	109	119	-19	-13	-18	-18
8000	109	119	-19	-13	-18	-18
8100	109	119	-19	-13	-18	-18
8200	109	119	-19	-13	-19	-18
8300	109	120	-19	-14	-19	-18
8400	109	119	-19	-14	-19	-17
8500	109	119	-19	-17	-19	-18
8600	109	119	-19	-17	-19	-18
8700	109	119	-19	-17	-19	-18
8800	109	114	-20	-20	-19	-17
8900	109	114	-20	-20	-19	-17
9000	109	114	-20	-20	-19	-18
9100	109	114	-20	-20	-19	-18
9200	109	114	-20	-20	-19	-18
9300	109	114	-20	-20	-19	-18
9400	109	121	-19	-12	-19	-18
9500	108	114	-19	-12	-18	-18
9600	108	114	-19	-14	-18	-18
9700	107	114	-19	-9	-18	-17
9800	107	116	-19	-9	-18	-18
9900	107	115	-20	-17	-18	-18
10000	107	115	-20	-20	-18	-18

Run 15
100	135	145	0	0	-17	-8
200	123	145	-1	4	-17	-8
300	120	145	-2	6	-16	-8
400	117	142	-2	4	-17	-8
500	114	137	-3	5	-17	-8
600	113	136	-3	5	-17	-11
700	113	125	-3	5	-18	-11
800	112	124	-3	5	-18	-11
900	111	124	-3	5	-18	-11
1000	111	124	-3	5	-19	-12
1100	111	124	-3	5	-19	-12
1200	109	121	-3	4	-19	-12
1300	108	121	-2	4	-19	-12
1400	107	116	-2	4	-19	-12
1500	107	122	-2	4	-19	-13
1600	108	121	-3	4	-19	-13
1700	107	120	-3	4	-19	-13
1800	107	120	-3	4	-19	-13
1900	107	120	-3	4	-20	-13
2000	106	116	-3	3	-20	-13
2100	107	118	-3	3	-20	-16
2200	106	122	-3	3	-20	-16
2300	107	122	-2	3	-21	-17
2400	107	122	-2	3	-21	-17
2500	107	122	-2	3	-21	-18
2600	107	122	-2	3	-21	-18
2700	107	119	-2	4	-21	-19
2800	107	119	-2	4	-21	-18
2900	106	119	-1	4	-21	-18
3000	105	119	-2	3	-21	-18
3100	106	118	-3	4	-21	-18
3200	106	118	-3	3	-21	-19
3300	106	117	-2	4	-21	-18
3400	106	118	-2	4	-21	-19
3500	108	118	-5	4	-21	-19
3600	108	119	-5	4	-21	-19
3700	109	120	-5	4	-22	-19
3800	109	119	-5	2	-21	-19
3900	109	118	-5	1	-21	-19
4000	109	118	-5	1	-21	-19
4100	108	116	-4	1	-21	-19
4200	108	119	-4	1	-21	-19
4300	108	123	-4	1	-21	-19
4400	108	118	-4	1	-21	-19
4500	107	117	-3	1	-21	-19
4600	107	117	-4	1	-21	-19
4700	107	117	-4	1	-21	-19
4800	107	117	-4	1	-21	-19
4900	106	117	-3	1	-21	-19
5000	107	117	-4	2	-21	-19
5100	107	117	-5	1	-21	-19
5200	107	117	-4	1	-21	-19
5300	107	121	-4	1	-21	-19
5400	108	117	-4	1	-21	-19
5500	107	117	-4	1	-21	-19
5600	108	117	-4	1	-21	-19
5700	107	117	-4	1	-21	-19
5800	107	116	-3	3	-21	-19
5900	108	117	-4	2	-22	-19
6000	108	117	-4	3	-22	-19
6100	108	120	-4	3	-22	-20
6200	108	117	-4	3	-22	-18
6300	108	117	-4	3	-22	-20
6400	108	117	-3	3	-21	-20
6500	108	117	-4	2	-22	-20
6600	108	117	-3	2	-22	-19
6700	108	117	-3	2	-22	-20
6800	108	118	-2	2	-22	-20
6900	107	118	-2	2	-22	-20
7000	107	119	-2	2	-22	-20
7100	107	120	-2	2	-22	-20
7200	106	119	-2	2	-22	-20
7300	107	119	-3	2	-22	-20
7400	107	117	-3	2	-22	-20
7500	106	120	-2	2	-22	-20
7600	106	120	-2	2	-22	-19
7700	106	120	-3	2	-22	-19
7800	107	120	-3	1	-22	-20
7900	106	120	-3	1	-22	-20
8000	106	120	-3	1	-22	-19
8100	106	120	-3	2	-22	-19
8200	106	120	-3	2	-22	-19
8300	107	122	-3	2	-22	-19
8400	107	122	-3	2	-22	-20
8500	107	119	-3	2	-22	-20
8600	106	119	-3	2	-22	-20
8700	108	119	-3	1	-22	-20
8800	107	119	-3	1	-22	-20
8900	107	119	-3	2	-22	-20
9000	107	119	-3	2	-22	-20
9100	104	122	-3	1	-22	-20
9200	105	120	-3	1	-22	-20
9300	106	119	-4	1	-23	-20
9400	107	117	-4	1	-23	-20
9500	107	120	-4	1	-23	-20
9600	106	121	-3	1	-22	-20
9700	106	122	-3	1	-23	-20
9800	105	122	-3	1	-22	-20
9900	104	122	-3	1	-22	-20
10000	102	118	-2	1	-22	-20

Run 16
100	135	143	0	0	-17	-11
200	126	141	-2	6	-18	-11
300	119	141	-3	6	-18	-10
400	116	141	-4	6	-17	-10
500	114	138	-4	6	-17	-10
600	114	138	-5	4	-17	-11
700	113	130	-5	4	-17	-11
800	112	128	-5	4	-17	-11
900	112	126	-6	4	-17	-11
1000	112	126	-7	4	-17	-11
1100	112	126	-7	4	-17	-11
1200	111	126	-6	4	-17	-11
1300	111	128	-6	4	-17	-11
1400	111	128	-6	4	-17	-12
1500	110	126	-7	1	-17	-12
1600	110	126	-7	6	-18	-13
1700	110	128	-6	2	-18	-13
1800	110	128	-7	2	-18	-13
1900	110	126	-6	2	-19	-13
2000	111	126	-7	-1	-19	-14
2100	110	126	-6	-1	-20	-14
2200	110	127	-6	5	-20	-15
2300	110	126	-7	1	-20	-15
2400	109	119	-6	1	-20	-14
2500	109	119	-6	-2	-20	-16
2600	109	119	-7	-2	-20	-16
2700	109	119	-7	0	-20	-16
2800	110	120	-6	0	-23	-16
2900	110	121	-6	0	-22	-16
3000	110	120	-7	0	-22	-16
3100	110	121	-7	0	-22	-16
3200	109	121	-7	0	-22	-16
3300	109	120	-7	0	-22	-16
3400	109	120	-6	-2	-22	-17
3500	109	121	-6	0	-22	-16
3600	108	121	-6	0	-22	-16
3700	108	121	-6	-2	-22	-16
3800	109	123	-6	-2	-23	-16
3900	110	124	-6	0	-23	-16
4000	110	124	-6	0	-23	-16
4100	110	122	-6	3	-23	-16
4200	109	122	-6	3	-23	-16
4300	110	122	-6	0	-24	-18
4400	110	122	-7	0	-24	-16
4500	110	124	-7	-2	-24	-16
4600	110	126	-7	0	-23	-16
4700	110	125	-7	0	-23	-18
4800	110	125	-7	0	-24	-18
4900	111	125	-7	-2	-23	-16
5000	111	126	-8	0	-23	-16
5100	111	129	-8	-2	-23	-16
5200	111	129	-8	-2	-23	-16
5300	111	129	-8	-2	-23	-16
5400	110	129	-8	0	-23	-16
5500	111	129	-8	0	-23	-16
5600	111	127	-8	0	-23	-16
5700	111	126	-7	0	-23	-16
5800	110	126	-8	0	-23	-16
5900	111	130	-8	0	-23	-16
6000	110	126	-7	0	-23	-16
6100	110	128	-8	0	-23	-16
6200	110	127	-7	0	-23	-16
6300	110	127	-8	0	-23	-16
6400	110	127	-8	0	-22	-16
6500	109	127	-8	0	-22	-16
6600	109	127	-8	0	-22	-16
6700	108	130	-8	-1	-22	-15
6800	109	127	-8	-1	-22	-15
6900	110	127	-8	0	-23	-16
7000	110	127	-8	0	-23	-16
7100	109	127	-8	0	-22	-16
7200	110	127	-8	0	-23	-16
7300	110	127	-8	0	-23	-16
7400	109	127	-7	0	-23	-16
7500	108	127	-7	0	-23	-16
7600	108	127	-7	0	-22	-15
7700	107	126	-7	0	-22	-15
7800	107	124	-6	0	-22	-16
7900	107	123	-6	0	-22	-16
8000	106	123	-6	0	-22	-15
8100	106	121	-6	0	-22	-15
8200	106	124	-6	0	-22	-15
8300	107	124	-5	0	-23	-15
8400	107	126	-5	0	-23	-15
8500	108	125	-5	0	-24	-16
8600	108	125	-5	0	-24	-16
8700	109	123	-6	0	-24	-16
8800	108	126	-6	0	-24	-16
8900	107	126	-5	0	-23	-16
9000	109	126	-6	0	-24	-16
9100	110	126	-7	0	-24	-17
9200	109	123	-7	0	-24	-17
9300	109	126	-8	0	-24	-16
9400	110	126	-9	-2	-24	-16
9500	109	123	-9	-2	-23	-16
9600	108	123	-8	-2	-23	-16
9700	109	126	-8	-3	-23	-16
9800	109	126	-8	-3	-23	-15
9900	111	126	-9	-3	-24	-15
10000	112	126	-9	-3	-24	-15

Run 17
100	135	143	0	0	-17	-9
200	123	143	-2	5	-18	-11
300	118	143	-3	4	-17	-11
400	116	141	-3	4	-18	-11
500	114	141	-3	4	-18	-11
600	113	141	-3	4	-17	-11
700	111	141	-4	4	-18	-8
800	110	124	-5	4	-18	-10
900	110	124	-5	3	-18	-11
1000	109	123	-5	7	-18	-8
1100	110	125	-6	2	-18	-12
1200	109	123	-7	3	-18	-10
1300	108	123	-6	2	-18	-10
1400	109	133	-6	2	-19	-10
1500	108	123	-6	2	-19	-10
1600	107	121	-7	2	-19	-14
1700	108	122	-6	2	-20	-14
1800	107	126	-6	2	-20	-15
1900	108	122	-7	2	-20	-15
2000	107	122	-6	2	-21	-15
2100	107	126	-6	2	-21	-16
2200	107	127	-7	2	-21	-16
2300	106	126	-7	2	-20	-16
2400	107	126	-7	2	-20	-16
2500	107	126	-7	2	-20	-16
2600	107	126	-7	2	-20	-16
2700	106	126	-7	2	-20	-16
2800	105	126	-9	2	-20	-16
2900	105	121	-7	2	-21	-16
3000	106	126	-8	2	-21	-16
3100	106	126	-8	2	-21	-16
3200	105	126	-7	2	-21	-18
3300	105	126	-8	2	-21	-18
3400	105	120	-7	2	-21	-20
3500	104	120	-7	2	-21	-19
3600	105	120	-7	2	-21	-19
3700	105	120	-7	2	-21	-19
3800	104	120	-6	2	-21	-20
3900	105	120	-7	2	-21	-18
4000	104	120	-7	2	-21	-18
4100	105	124	-7	2	-21	-18
4200	105	120	-7	2	-21	-18
4300	105	119	-8	2	-21	-18
4400	105	119	-9	0	-20	-18
4500	105	120	-8	2	-21	-18
4600	105	121	-8	2	-21	-18
4700	105	121	-8	2	-21	-18
4800	105	119	-7	2	-21	-18
4900	105	120	-7	2	-21	-18
5000	104	120	-8	2	-21	-18
5100	103	120	-9	2	-21	-18
5200	103	120	-8	2	-21	-18
5300	103	115	-9	2	-21	-18
5400	103	115	-8	2	-21	-18
5500	103	120	-7	2	-21	-19
5600	104	120	-9	-2	-21	-18
5700	104	120	-9	2	-21	-18
5800	105	121	-9	2	-20	-18
5900	105	121	-9	-1	-20	-18
6000	105	120	-9	-1	-20	-18
6100	105	120	-9	2	-20	-18
6200	105	119	-10	-2	-20	-18
6300	105	119	-10	-2	-20	-18
6400	105	119	-10	2	-20	-18
6500	105	121	-10	2	-20	-18
6600	105	120	-11	2	-20	-18
6700	105	119	-10	2	-20	-19
6800	105	124	-10	2	-20	-19
6900	105	120	-11	2	-20	-19
7000	105	115	-11	2	-20	-19
7100	105	115	-11	2	-20	-19
7200	105	120	-11	-2	-20	-19
7300	105	116	-11	-4	-20	-19
7400	104	119	-11	-4	-20	-20
7500	104	115	-11	-4	-20	-20
7600	104	115	-11	-6	-20	-20
7700	104	115	-11	-6	-20	-19
7800	104	116	-11	-6	-20	-19
7900	104	120	-11	1	-20	-19
8000	104	115	-13	1	-20	-19
8100	104	115	-13	-2	-20	-19
8200	104	115	-13	-2	-20	-19
8300	104	115	-13	-5	-20	-19
8400	104	116	-13	-2	-20	-19
8500	104	116	-14	-8	-20	-20
8600	104	113	-15	-8	-20	-20
8700	104	113	-15	-8	-20	-20
8800	104	113	-15	1	-20	-20
8900	104	113	-14	1	-20	-20
9000	104	113	-14	-2	-21	-20
9100	104	115	-14	1	-21	-20
9200	104	115	-14	-5	-20	-20
9300	104	114	-15	-6	-20	-20
9400	104	113	-14	-6	-20	-19
9500	104	113	-15	-2	-20	-18
9600	104	114	-15	-2	-20	-18
9700	104	114	-15	-2	-20	-18
9800	104	117	-14	-4	-21	-18
9900	104	117	-14	-6	-21	-19
10000	104	117	-14	-8	-20	-19

Run 18
100	134	144	0	0	-17	-7
200	124	142	-2	3	-17	-7
300	119	142	-4	3	-17	-9
400	116	140	-5	5	-17	-9
500	113	136	-4	5	-17	-12
600	113	136	-4	5	-18	-12
700	112	127	-4	5	-18	-13
800	113	127	-4	5	-18	-12
900	113	127	-6	2	-18	-12
1000	112	123	-6	2	-18	-12
1100	113	124	-7	2	-18	-13
1200	113	125	-7	3	-18	-13
1300	114	123	-7	3	-17	-12
1400	114	123	-7	3	-18	-12
1500	114	123	-6	3	-18	-12
1600	113	123	-8	2	-19	-15
1700	113	124	-8	3	-19	-14
1800	113	124	-8	3	-19	-14
1900	112	124	-8	3	-20	-14
2000	112	124	-9	3	-20	-16
2100	113	124	-10	3	-20	-17
2200	114	124	-11	-1	-20	-16
2300	113	124	-11	0	-20	-16
2400	114	124	-11	1	-20	-16
2500	113	126	-12	0	-20	-16
2600	113	124	-12	0	-20	-16
2700	113	123	-12	0	-20	-16
2800	113	124	-12	0	-20	-15
2900	113	124	-13	0	-20	-16
3000	114	125	-13	-7	-20	-16
3100	114	125	-13	-3	-20	-16
3200	114	125	-13	-8	-20	-16
3300	114	125	-14	-8	-21	-16
3400	114	130	-14	-4	-21	-20
3500	113	130	-15	-6	-21	-19
3600	114	130	-15	-8	-21	-19
3700	114	124	-15	-9	-21	-19
3800	114	124	-15	-9	-21	-19
3900	114	124	-15	-9	-21	-19
4000	114	124	-15	-10	-21	-19
4100	114	125	-15	-8	-21	-20
4200	114	125	-15	-3	-21	-20
4300	114	123	-15	-3	-21	-20
4400	113	123	-15	-3	-21	-20
4500	113	119	-15	-8	-21	-20
4600	113	119	-15	-8	-21	-20
4700	113	119	-15	-8	-21	-20
4800	113	119	-15	-8	-21	-20
4900	112	116	-15	-8	-21	-21
5000	113	116	-15	-8	-21	-21
5100	113	116	-15	-8	-21	-21
5200	113	116	-15	-8	-21	-21
5300	112	117	-15	-3	-21	-21
5400	112	119	-15	-8	-21	-19
5500	112	118	-15	-8	-21	-19
5600	112	119	-15	-3	-21	-19
5700	112	119	-15	-3	-21	-19
5800	112	120	-15	-3	-21	-20
5900	112	119	-15	-3	-21	-20
6000	112	120	-15	-8	-21	-20
6100	113	120	-15	-8	-21	-20
6200	113	120	-15	-8	-21	-20
6300	113	120	-15	-8	-21	-20
6400	113	119	-15	-8	-21	-20
6500	113	119	-15	-8	-21	-20
6600	113	120	-15	-3	-21	-20
6700	113	120	-15	-3	-21	-20
6800	113	119	-15	-3	-21	-20
6900	110	117	-16	-3	-21	-21
7000	110	117	-16	-3	-21	-21
7100	110	117	-16	-3	-21	-21
7200	110	117	-16	-3	-21	-21
7300	110	117	-16	-3	-22	-21
7400	109	117	-16	-3	-22	-21
7500	109	117	-16	-11	-22	-21
7600	109	117	-16	-3	-22	-21
7700	109	117	-16	-3	-22	-21
7800	109	117	-16	-11	-22	-21
7900	108	116	-16	-11	-22	-20
8000	108	117	-16	-3	-22	-21
8100	108	117	-16	-6	-22	-21
8200	108	117	-17	-3	-22	-21
8300	108	117	-17	-3	-22	-21
8400	109	117	-17	-3	-22	-21
8500	109	117	-17	-11	-22	-21
8600	109	118	-17	-3	-22	-21
8700	109	121	-17	-3	-22	-21
8800	109	121	-17	-3	-22	-20
8900	108	119	-17	-3	-22	-20
9000	107	119	-17	-11	-22	-20
9100	107	119	-17	-3	-22	-20
9200	107	118	-17	-3	-22	-20
9300	107	118	-16	-3	-22	-20
9400	111	118	-18	-3	-23	-21
9500	111	118	-18	-13	-23	-19
9600	111	119	-18	-11	-24	-20
9700	111	119	-18	-11	-24	-19
9800	111	119	-18	-13	-24	-19
9900	112	119	-19	-13	-24	-19
10000	112	119	-19	-13	-24	-20

Run 19
100	134	144	0	0	-17	-10
200	123	144	-1	4	-18	-11
300	119	141	-3	4	-18	-11
400	115	141	-4	3	-17	-11
500	112	141	-5	3	-17	-10
600	111	141	-5	3	-17	-11
700	112	141	-5	6	-17	-10
800	110	123	-5	6	-17	-11
900	110	122	-5	6	-17	-11
1000	110	122	-5	6	-17	-8
1100	110	123	-5	6	-17	-10
1200	110	123	-5	7	-18	-14
1300	111	123	-6	7	-18	-13
1400	111	123	-6	6	-18	-13
1500	111	123	-5	7	-18	-14
1600	111	123	-6	7	-19	-15
1700	112	123	-7	6	-18	-14
1800	110	123	-7	6	-18	-15
1900	110	123	-6	6	-18	-14
2000	109	129	-6	6	-19	-15
2100	108	123	-5	6	-19	-15
2200	107	120	-5	6	-19	-15
2300	107	120	-5	6	-20	-14
2400	107	122	-4	6	-20	-14
2500	107	122	-4	6	-20	-15
2600	107	122	-5	6	-20	-15
2700	108	122	-5	6	-20	-15
2800	108	123	-5	6	-20	-15
2900	107	122	-5	6	-20	-15
3000	107	120	-5	6	-20	-15
3100	107	120	-5	6	-19	-15
3200	107	120	-4	6	-20	-15
3300	107	120	-3	6	-20	-15
3400	107	121	-3	6	-20	-15
3500	107	121	-3	6	-20	-15
3600	107	121	-2	6	-21	-15
3700	107	118	-1	7	-21	-15
3800	107	118	-1	7	-22	-15
3900	107	119	-1	7	-21	-16
4000	107	119	-2	7	-21	-18
4100	106	119	-2	7	-21	-18
4200	106	118	-2	7	-21	-18
4300	106	118	-2	7	-21	-18
4400	105	118	-2	7	-21	-18
4500	105	118	-1	7	-22	-18
4600	106	120	-1	8	-22	-18
4700	106	120	-1	6	-22	-18
4800	106	118	0	6	-22	-18
4900	106	118	0	6	-22	-18
5000	107	118	0	6	-23	-18
5100	107	118	0	8	-23	-18
5200	107	118	0	6	-23	-18
5300	106	118	0	6	-22	-18
5400	106	118	-1	6	-22	-18
5500	105	118	-1	7	-22	-18
5600	105	118	-1	6	-22	-18
5700	106	118	-1	6	-22	-17
5800	105	116	-1	6	-21	-16
5900	105	118	-1	6	-21	-16
6000	105	118	-1	6	-21	-16
6100	105	118	-1	6	-21	-18
6200	105	118	-1	6	-21	-18
6300	105	118	-1	6	-21	-18
6400	105	118	-1	6	-21	-16
6500	105	118	-1	6	-21	-16
6600	104	118	-1	6	-21	-16
6700	104	116	-1	6	-21	-17
6800	104	114	-2	6	-20	-16
6900	103	114	-2	6	-20	-16
7000	103	114	-2	6	-20	-16
7100	103	115	-3	6	-20	-16
7200	103	115	-3	6	-20	-16
7300	103	115	-3	6	-20	-16
7400	103	115	-3	6	-20	-18
7500	102	114	-3	6	-20	-18
7600	103	111	-3	6	-20	-18
7700	102	113	-3	6	-20	-18
7800	103	113	-3	6	-20	-18
7900	103	113	-3	6	-21	-18
8000	102	111	-3	6	-20	-18
8100	102	111	-3	6	-21	-18
8200	102	111	-3	6	-21	-18
8300	102	110	-3	6	-21	-18
8400	102	111	-3	6	-21	-18
8500	102	111	-2	6	-21	-18
8600	102	114	-2	6	-21	-18
8700	102	109	-3	6	-21	-18
8800	102	109	-3	6	-22	-18
8900	101	110	-3	6	-21	-18
9000	100	110	-2	6	-22	-18
9100	101	110	-3	6	-22	-18
9200	100	110	-3	6	-22	-18
9300	101	110	-2	7	-22	-18
9400	101	111	-1	7	-23	-18
9500	102	113	-2	6	-23	-18
9600	102	112	-1	6	-23	-18
9700	102	115	-1	6	-23	-18
9800	103	115	-1	6	-23	-18
9900	103	113	0	6	-23	-18
10000	102	113	0	6	-23	-18

Run 20
100	135	144	0	0	-17	-9
200	125	144	-2	4	-17	-9
300	120	144	-3	4	-17	-10
400	117	144	-4	4	-17	-10
500	116	144	-4	4	-17	-12
600	114	143	-4	4	-18	-13
700	114	138	-5	5	-17	-10
800	114	126	-6	5	-18	-12
900	113	126	-10	4	-20	-13
1000	112	125	-10	4	-20	-13
1100	113	125	-11	5	-20	-14
1200	115	129	-12	4	-21	-14
1300	114	125	-14	-4	-21	-14
1400	115	128	-14	-6	-21	-14
1500	116	127	-14	-4	-21	-14
1600	115	127	-14	-6	-21	-17
1700	116	127	-15	-7	-21	-16
1800	115	128	-14	-7	-21	-16
1900	115	128	-14	-7	-21	-14
2000	115	130	-13	-4	-22	-14
2100	114	130	-13	-4	-22	-14
2200	115	130	-14	-4	-22	-14
2300	116	128	-14	-4	-22	-14
2400	116	128	-15	-4	-21	-15
2500	116	128	-15	-4	-21	-15
2600	115	129	-15	-4	-21	-15
2700	117	129	-16	-7	-21	-15
2800	117	128	-15	-7	-21	-15
2900	115	128	-15	-4	-22	-16
3000	115	128	-14	-4	-22	-16
3100	114	128	-13	-4	-22	-16
3200	113	128	-13	-4	-22	-16
3300	113	128	-13	-4	-22	-16
3400	113	128	-13	-4	-22	-16
3500	113	128	-13	-4	-22	-16
3600	113	128	-14	-4	-22	-16
3700	113	128	-14	-4	-22	-16
3800	110	128	-13	-4	-22	-14
3900	110	128	-14	-4	-22	-15
4000	110	128	-13	-4	-22	-14
4100	111	129	-13	-4	-22	-14
4200	111	128	-13	-4	-22	-14
4300	111	128	-13	-4	-23	-14
4400	111	125	-13	-4	-23	-14
4500	111	125	-13	-4	-22	-16
4600	110	125	-14	-4	-22	-16
4700	109	125	-14	-4	-22	-15
4800	110	128	-14	-4	-22	-15
4900	108	125	-14	-4	-21	-17
5000	108	125	-14	-4	-21	-15
5100	107	127	-15	-4	-20	-16
5200	109	127	-14	-4	-21	-16
5300	110	128	-14	-4	-21	-15
5400	109	128	-15	-4	-21	-15
5500	109	125	-15	-4	-21	-15
5600	110	130	-15	-10	-21	-15
5700	110	130	-15	-8	-22	-16
5800	110	127	-15	-8	-22	-16
5900	109	131	-14	-6	-22	-16
6000	109	130	-14	-6	-22	-16
6100	108	128	-14	-6	-22	-16
6200	108	127	-14	-8	-23	-16
6300	108	125	-14	-6	-23	-17
6400	108	125	-14	-6	-23	-17
6500	107	125	-14	-6	-22	-17
6600	108	128	-15	-6	-22	-17
6700	108	125	-15	-6	-23	-17
6800	108	131	-14	-6	-23	-17
6900	107	131	-14	-6	-23	-17
7000	107	116	-14	-6	-23	-17
7100	107	117	-14	-6	-23	-17
7200	107	115	-14	-6	-23	-17
7300	107	115	-14	0	-23	-17
7400	107	115	-14	0	-23	-17
7500	107	116	-14	0	-23	-17
7600	107	116	-14	0	-23	-17
7700	107	116	-14	0	-23	-17
7800	108	118	-14	-6	-23	-17
7900	108	117	-14	-5	-24	-17
8000	108	118	-14	-5	-24	-17
8100	108	114	-14	-6	-23	-17
8200	108	112	-14	-6	-24	-17
8300	108	120	-14	-6	-24	-17
8400	109	114	-14	-8	-24	-17
8500	109	119	-14	-5	-25	-17
8600	109	116	-14	-5	-25	-17
8700	109	116	-13	-6	-25	-17
8800	109	114	-13	-7	-25	-17
8900	108	114	-13	-7	-25	-18
9000	108	114	-12	-7	-24	-18
9100	108	113	-12	-7	-25	-18
9200	107	114	-13	-7	-25	-18
9300	108	116	-13	-3	-25	-18
9400	108	116	-13	-4	-25	-17
9500	108	112	-13	-3	-25	-17
9600	108	113	-13	-3	-25	-17
9700	108	113	-12	-7	-25	-17
9800	108	117	-13	-7	-25	-17
9900	108	117	-13	-7	-25	-18
10000	108	112	-13	-7	-25	-17

Run 21
100	134	146	0	0	-17	-7
200	123	142	-2	6	-17	-11
300	119	142	-4	6	-17	-12
400	117	142	-4	4	-17	-12
500	115	142	-5	4	-17	-12
600	115	131	-5	4	-17	-12
700	114	126	-5	4	-17	-13
800	116	131	-5	4	-17	-13
900	118	131	-6	2	-17	-11
1000	117	130	-5	4	-16	-11
1100	118	130	-6	3	-16	-11
1200	118	130	-6	3	-16	-11
1300	116	129	-5	3	-16	-11
1400	116	130	-5	3	-16	-11
1500	116	130	-5	3	-16	-11
1600	116	131	-5	3	-16	-11
1700	114	130	-6	3	-16	-11
1800	114	125	-6	3	-16	-11
1900	113	125	-6	3	-16	-11
2000	112	125	-6	3	-17	-11
2100	112	125	-6	3	-17	-11
2200	112	123	-6	3	-17	-11
2300	112	124	-6	3	-17	-11
2400	111	123	-6	2	-17	-11
2500	112	123	-7	0	-17	-11
2600	111	121	-7	0	-17	-11
2700	111	121	-7	3	-17	-11
2800	111	121	-8	3	-17	-11
2900	111	122	-8	3	-18	-12
3000	111	121	-8	3	-17	-11
3100	112	121	-9	0	-18	-13
3200	113	121	-9	1	-18	-13
3300	113	121	-10	0	-17	-13
3400	112	121	-9	0	-17	-13
3500	113	121	-9	0	-17	-15
3600	113	121	-9	0	-18	-15
3700	112	121	-9	0	-18	-15
3800	113	123	-10	-5	-18	-15
3900	113	125	-10	-5	-18	-15
4000	113	124	-10	0	-17	-15
4100	113	122	-10	0	-18	-15
4200	113	122	-10	0	-17	-15
4300	113	121	-10	0	-17	-15
4400	112	121	-9	0	-17	-15
4500	113	121	-10	0	-17	-14
4600	112	129	-9	0	-17	-15
4700	112	121	-9	0	-17	-15
4800	112	121	-9	0	-17	-15
4900	112	121	-9	0	-18	-15
5000	112	120	-10	0	-18	-14
5100	113	123	-10	0	-18	-15
5200	113	123	-10	0	-17	-15
5300	113	123	-10	-5	-17	-15
5400	113	126	-10	-5	-18	-15
5500	113	126	-10	-2	-18	-15
5600	112	126	-10	-2	-18	-15
5700	113	127	-10	-5	-18	-15
5800	113	127	-10	-5	-18	-15
5900	113	127	-9	-5	-18	-15
6000	112	123	-9	-3	-18	-15
6100	113	126	-9	-3	-18	-15
6200	113	126	-10	-5	-18	-16
6300	113	126	-10	-5	-18	-16
6400	114	126	-10	-5	-18	-16
6500	113	126	-11	-5	-18	-16
6600	114	126	-11	-6	-18	-16
6700	114	126	-10	-1	-18	-16
6800	113	126	-11	-1	-18	-16
6900	114	126	-11	-1	-18	-16
7000	114	122	-11	-4	-18	-16
7100	114	126	-11	-4	-17	-16
7200	114	126	-11	-4	-17	-16
7300	114	126	-11	-4	-17	-16
7400	114	122	-11	-4	-17	-16
7500	114	120	-12	-6	-17	-16
7600	114	120	-12	-6	-17	-16
7700	114	122	-12	-5	-17	-16
7800	115	124	-12	-5	-18	-15
7900	115	122	-12	0	-18	-16
8000	115	122	-12	0	-18	-15
8100	115	121	-12	0	-18	-15
8200	115	122	-12	0	-18	-16
8300	115	124	-12	-5	-18	-16
8400	114	124	-12	-5	-18	-16
8500	114	127	-12	-5	-18	-16
8600	114	127	-12	-5	-18	-16
8700	115	127	-12	-5	-18	-16
8800	115	127	-12	-5	-18	-16
8900	115	127	-13	-5	-18	-16
9000	115	127	-12	-5	-18	-16
9100	115	127	-13	-5	-18	-16
9200	115	127	-12	-5	-18	-16
9300	116	127	-13	-6	-19	-16
9400	116	127	-13	-5	-19	-16
9500	116	127	-12	-5	-19	-16
9600	117	133	-13	-5	-18	-16
9700	116	131	-12	-5	-18	-16
9800	117	131	-13	-5	-18	-16
9900	117	127	-13	-5	-18	-16
10000	118	127	-13	-5	-18	-15

Run 22
100	135	144	0	0	-17	-10
200	125	144	-2	5	-18	-10
300	120	142	-3	5	-18	-10
400	116	140	-3	4	-18	-12
500	114	140	-4	4	-18	-12
600	115	139	-4	4	-18	-12
700	113	125	-4	5	-18	-12
800	107	125	-6	2	-20	-14
900	106	121	-5	2	-20	-14
1000	105	123	-5	2	-20	-14
1100	106	119	-6	2	-20	-15
1200	105	114	-6	1	-20	-15
1300	104	113	-6	1	-20	-15
1400	104	113	-7	1	-20	-15
1500	105	113	-8	2	-21	-15
1600	104	113	-8	1	-20	-15
1700	105	113	-8	1	-20	-15
1800	104	113	-8	1	-20	-15
1900	104	113	-7	1	-20	-15
2000	103	113	-6	1	-20	-15
2100	103	113	-7	1	-20	-15
2200	103	117	-7	1	-20	-15
2300	103	119	-7	0	-20	-15
2400	104	113	-7	0	-20	-15
2500	103	113	-7	0	-20	-15
2600	104	122	-8	0	-20	-15
2700	104	122	-8	0	-20	-15
2800	104	119	-8	0	-20	-15
2900	104	116	-8	0	-20	-15
3000	104	115	-9	0	-20	-15
3100	104	116	-9	0	-20	-15
3200	104	116	-9	0	-20	-15
3300	104	111	-9	0	-20	-16
3400	104	111	-9	0	-20	-16
3500	103	111	-9	0	-20	-16
3600	103	111	-9	0	-21	-16
3700	103	111	-9	0	-21	-16
3800	103	113	-8	0	-21	-16
3900	103	113	-9	0	-21	-16
4000	103	113	-9	0	-21	-16
4100	102	113	-9	0	-20	-16
4200	103	111	-9	0	-20	-16
4300	103	111	-10	0	-20	-16
4400	102	108	-10	0	-21	-16
4500	103	108	-11	0	-21	-16
4600	103	108	-10	0	-21	-16
4700	103	108	-11	0	-21	-16
4800	102	111	-10	-3	-21	-16
4900	102	108	-10	0	-21	-16
5000	102	110	-10	0	-21	-18
5100	102	110	-11	0	-21	-18
5200	103	110	-11	0	-21	-18
5300	103	111	-12	0	-21	-16
5400	103	113	-12	0	-21	-16
5500	103	111	-12	0	-21	-16
5600	103	111	-12	0	-21	-16
5700	103	111	-12	0	-21	-16
5800	104	111	-13	-3	-21	-18
5900	104	111	-13	-3	-21	-18
6000	104	111	-13	-3	-21	-18
6100	104	111	-13	0	-21	-16
6200	104	115	-13	-3	-21	-16
6300	104	111	-13	-3	-21	-18
6400	103	111	-13	-3	-21	-18
6500	103	111	-13	-3	-22	-18
6600	103	111	-13	-3	-22	-18
6700	104	111	-13	-3	-22	-18
6800	103	111	-14	-3	-22	-20
6900	103	111	-14	-3	-22	-21
7000	104	111	-14	-3	-22	-21
7100	104	111	-14	-3	-22	-20
7200	104	111	-14	-3	-22	-20
7300	104	111	-14	-3	-22	-20
7400	104	112	-14	-3	-22	-20
7500	104	112	-14	-3	-22	-20
7600	104	111	-14	-3	-22	-20
7700	104	112	-14	-3	-21	-20
7800	104	111	-14	-3	-21	-20
7900	104	111	-14	-1	-21	-20
8000	104	115	-14	-1	-21	-20
8100	104	115	-14	-3	-21	-19
8200	104	111	-14	-3	-21	-20
8300	104	111	-14	-3	-21	-20
8400	104	113	-14	-3	-21	-20
8500	103	111	-14	0	-21	-20
8600	104	114	-14	-3	-21	-19
8700	104	114	-14	-3	-21	-19
8800	103	114	-13	-3	-21	-19
8900	104	115	-14	-3	-21	-19
9000	103	119	-13	-3	-21	-19
9100	103	119	-13	0	-21	-19
9200	104	115	-14	0	-21	-19
9300	103	112	-14	0	-21	-19
9400	103	114	-14	-3	-21	-19
9500	103	113	-14	-3	-21	-19
9600	102	112	-14	-3	-21	-19
9700	103	112	-14	-3	-21	-19
9800	103	112	-14	-3	-21	-19
9900	103	112	-14	-3	-22	-19
10000	104	112	-15	-3	-21	-19

Run 23
100	135	145	0	0	-17	-10
200	126	145	-2	6	-17	-10
300	120	142	-3	6	-18	-12
400	117	142	-4	7	-18	-13
500	115	134	-4	7	-18	-13
600	115	129	-4	7	-18	-13
700	114	127	-4	7	-18	-13
800	113	126	-4	7	-18	-13
900	114	126	-4	6	-19	-13
1000	114	126	-4	6	-19	-13
1100	114	126	-4	6	-18	-14
1200	114	126	-4	6	-19	-14
1300	113	124	-4	6	-18	-14
1400	114	124	-5	7	-18	-14
1500	113	124	-5	7	-19	-16
1600	113	124	-5	7	-19	-14
1700	113	124	-5	7	-19	-15
1800	113	124	-5	7	-20	-15
1900	113	124	-4	7	-20	-13
2000	112	123	-4	6	-19	-14
2100	113	123	-5	4	-20	-14
2200	112	122	-5	6	-20	-14
2300	112	124	-5	6	-20	-15
2400	112	124	-5	7	-20	-15
2500	112	125	-5	7	-20	-15
2600	111	121	-7	6	-21	-15
2700	112	121	-7	3	-21	-15
2800	110	121	-7	7	-21	-15
2900	110	121	-7	7	-21	-15
3000	109	121	-7	0	-20	-15
3100	110	121	-8	-1	-21	-15
3200	109	121	-8	-1	-21	-15
3300	110	126	-7	-1	-21	-15
3400	110	126	-7	-1	-21	-16
3500	110	121	-7	-1	-21	-16
3600	110	121	-8	-1	-22	-16
3700	111	123	-8	1	-22	-18
3800	112	123	-7	0	-22	-18
3900	112	123	-7	-1	-23	-16
4000	112	123	-7	-1	-23	-17
4100	112	123	-7	-3	-23	-17
4200	112	123	-7	-1	-23	-19
4300	112	123	-7	-1	-23	-18
4400	112	123	-7	1	-23	-18
4500	112	123	-7	-3	-23	-18
4600	112	123	-7	-1	-23	-18
4700	112	123	-7	-1	-23	-18
4800	112	123	-7	-1	-23	-18
4900	112	123	-7	-1	-23	-18
5000	112	123	-7	-1	-23	-18
5100	112	123	-7	-1	-23	-18
5200	112	123	-7	-1	-24	-21
5300	113	123	-7	-1	-24	-20
5400	113	123	-7	-1	-24	-20
5500	113	123	-7	-3	-24	-20
5600	113	123	-7	-2	-24	-20
5700	113	123	-7	-2	-24	-20
5800	114	123	-7	-3	-24	-21
5900	114	123	-7	-3	-24	-21
6000	114	123	-8	-3	-24	-21
6100	114	123	-8	-3	-25	-22
6200	114	123	-8	-6	-24	-22
6300	114	123	-8	-6	-24	-22
6400	114	123	-8	-6	-24	-21
6500	115	123	-7	-6	-24	-22
6600	114	121	-7	1	-25	-21
6700	114	123	-7	1	-25	-21
6800	114	123	-7	-2	-25	-22
6900	115	126	-7	-2	-25	-22
7000	116	126	-7	-2	-25	-22
7100	116	126	-8	-6	-25	-21
7200	116	124	-7	-6	-25	-22
7300	115	126	-8	-6	-25	-22
7400	115	121	-8	-5	-25	-21
7500	116	124	-9	-5	-25	-21
7600	116	124	-8	-6	-25	-21
7700	116	124	-8	-3	-25	-21
7800	116	124	-8	-3	-25	-21
7900	116	123	-8	-5	-25	-21
8000	116	123	-8	-3	-25	-21
8100	117	123	-8	-3	-25	-21
8200	117	122	-8	-5	-25	-21
8300	118	122	-8	-5	-25	-21
8400	117	122	-8	-3	-25	-21
8500	117	122	-8	-2	-25	-21
8600	117	123	-8	-5	-25	-22
8700	117	126	-7	-5	-25	-22
8800	117	126	-8	-3	-25	-21
8900	117	124	-7	1	-25	-22
9000	117	122	-7	-2	-25	-21
9100	117	127	-7	-2	-25	-21
9200	118	127	-7	-2	-25	-22
9300	118	127	-7	-5	-25	-22
9400	117	122	-8	-5	-25	-22
9500	117	123	-8	-2	-25	-22
9600	117	123	-8	-2	-25	-22
9700	117	123	-8	-2	-25	-22
9800	117	123	-8	-2	-25	-22
9900	117	125	-7	-2	-25	-21
10000	117	125	-8	-2	-25	-21

Run 24
100	135	142	0	0	-16	-9
200	125	142	-2	3	-17	-9
300	120	142	-3	3	-17	-9
400	117	142	-3	6	-17	-9
500	116	141	-4	5	-17	-9
600	115	141	-4	5	-17	-9
700	114	137	-3	5	-17	-9
800	114	131	-4	6	-17	-9
900	115	129	-3	6	-17	-10
1000	113	133	-3	4	-17	-12
1100	113	130	-4	6	-17	-13
1200	111	130	-3	6	-17	-11
1300	113	126	-6	3	-18	-13
1400	112	129	-6	3	-18	-13
1500	111	130	-5	3	-18	-14
1600	111	127	-6	3	-18	-14
1700	111	127	-5	3	-18	-14
1800	109	125	-5	3	-18	-14
1900	109	122	-5	2	-18	-15
2000	108	122	-5	1	-18	-15
2100	108	124	-6	1	-18	-16
2200	111	124	-7	1	-19	-16
2300	109	125	-8	1	-18	-15
2400	109	125	-7	1	-18	-15
2500	108	125	-6	1	-19	-15
2600	107	125	-6	1	-19	-16
2700	107	125	-6	1	-19	-16
2800	108	125	-6	1	-19	-16
2900	108	125	-6	1	-19	-16
3000	108	125	-6	1	-20	-16
3100	108	125	-7	0	-19	-16
3200	108	126	-7	1	-19	-17
3300	108	125	-7	1	-19	-17
3400	110	125	-7	0	-19	-17
3500	105	125	-7	0	-19	-17
3600	105	122	-7	0	-19	-17
3700	105	122	-7	0	-19	-16
3800	106	120	-7	0	-19	-18
3900	106	126	-7	0	-19	-18
4000	107	126	-8	0	-19	-18
4100	106	120	-7	0	-19	-18
4200	106	122	-7	0	-19	-18
4300	107	120	-7	0	-19	-18
4400	107	122	-8	0	-19	-17
4500	108	122	-8	0	-19	-18
4600	109	122	-9	0	-19	-18
4700	111	126	-9	0	-19	-18
4800	111	123	-9	0	-19	-18
4900	111	125	-9	0	-19	-18
5000	110	125	-9	0	-19	-18
5100	111	123	-10	-5	-19	-18
5200	113	123	-10	-5	-19	-18
5300	113	123	-10	-5	-19	-18
5400	113	122	-10	-5	-19	-18
5500	113	125	-10	-5	-19	-18
5600	113	125	-10	-5	-19	-18
5700	113	122	-10	0	-19	-18
5800	112	123	-10	0	-19	-18
5900	111	123	-10	0	-19	-18
6000	111	123	-10	0	-19	-18
6100	111	122	-10	0	-19	-18
6200	109	126	-9	0	-19	-18
6300	109	126	-9	0	-19	-18
6400	108	126	-9	0	-19	-18
6500	107	122	-8	0	-19	-18
6600	109	122	-9	0	-19	-18
6700	109	126	-9	0	-19	-19
6800	110	122	-9	-5	-19	-17
6900	111	122	-10	-5	-19	-17
7000	111	123	-10	0	-19	-17
7100	111	123	-10	0	-19	-17
7200	114	124	-11	0	-19	-18
7300	113	124	-11	0	-19	-17
7400	113	125	-11	0	-19	-17
7500	109	125	-10	0	-19	-17
7600	109	125	-9	0	-19	-17
7700	105	125	-8	0	-19	-17
7800	104	125	-7	0	-19	-17
7900	103	123	-7	0	-19	-17
8000	102	123	-7	0	-19	-17
8100	102	123	-7	0	-19	-17
8200	103	123	-7	0	-19	-17
8300	103	123	-7	0	-19	-17
8400	101	123	-6	0	-19	-17
8500	101	122	-6	0	-19	-17
8600	101	122	-6	0	-19	-17
8700	101	122	-6	0	-19	-17
8800	103	123	-7	0	-19	-17
8900	103	123	-7	0	-19	-17
9000	103	123	-7	0	-19	-17
9100	103	123	-7	0	-19	-17
9200	103	122	-7	0	-19	-17
9300	104	122	-7	0	-19	-17
9400	105	123	-7	0	-19	-17
9500	104	123	-7	0	-19	-17
9600	105	124	-7	0	-19	-16
9700	105	124	-7	0	-19	-18
9800	105	126	-7	0	-19	-18
9900	105	126	-7	0	-19	-18
10000	105	127	-7	0	-19	-18

Run 25
100	134	142	0	0	-17	-11
200	123	141	-2	3	-17	-11
300	118	141	-4	3	-17	-11
400	115	139	-3	4	-17	-11
500	114	139	-4	5	-17	-11
600	114	135	-5	5	-16	-11
700	113	129	-5	5	-16	-11
800	109	127	-6	3	-17	-10
900	109	131	-5	3	-18	-10
1000	109	131	-5	3	-18	-14
1100	110	131	-5	1	-18	-13
1200	109	131	-5	1	-18	-11
1300	109	128	-4	0	-19	-13
1400	109	125	-5	0	-19	-14
1500	110	125	-5	0	-19	-15
1600	109	125	-5	0	-20	-15
1700	109	124	-5	0	-19	-15
1800	108	120	-4	0	-19	-15
1900	108	124	-6	0	-19	-14
2000	109	124	-6	0	-19	-14
2100	110	124	-7	0	-19	-14
2200	110	127	-7	0	-19	-14
2300	111	127	-8	0	-19	-14
2400	111	128	-8	0	-19	-14
2500	110	124	-8	0	-19	-14
2600	111	124	-8	0	-18	-14
2700	110	127	-8	0	-19	-14
2800	110	124	-8	1	-19	-14
2900	109	124	-8	1	-19	-14
3000	109	128	-7	0	-19	-14
3100	109	128	-7	0	-19	-16
3200	110	128	-7	1	-19	-14
3300	110	128	-8	0	-19	-14
3400	110	128	-8	0	-18	-14
3500	109	128	-8	0	-18	-14
3600	109	128	-8	0	-18	-14
3700	110	128	-8	0	-18	-14
3800	110	124	-8	0	-19	-14
3900	110	124	-8	0	-18	-14
4000	110	125	-9	0	-18	-14
4100	110	125	-9	0	-18	-13
4200	110	125	-9	0	-18	-13
4300	111	129	-10	0	-18	-13
4400	112	125	-10	0	-18	-13
4500	111	128	-10	0	-17	-14
4600	112	128	-10	0	-17	-14
4700	112	128	-10	-2	-18	-13
4800	110	124	-9	-2	-18	-13
4900	110	124	-9	-2	-18	-14
5000	110	124	-9	0	-18	-14
5100	110	124	-10	0	-18	-14
5200	110	124	-10	0	-18	-13
5300	111	130	-10	0	-18	-13
5400	111	124	-10	0	-18	-13
5500	112	124	-10	-2	-17	-13
5600	111	125	-10	-2	-17	-13
5700	111	125	-10	-2	-17	-13
5800	110	124	-10	0	-17	-14
5900	110	126	-11	0	-17	-14
6000	110	126	-11	0	-17	-13
6100	109	122	-10	0	-17	-14
6200	109	122	-10	-2	-17	-14
6300	110	125	-9	-2	-18	-14
6400	110	125	-9	-2	-18	-14
6500	109	125	-9	-2	-18	-14
6600	110	122	-9	-2	-18	-16
6700	109	122	-9	-2	-18	-16
6800	109	122	-10	-2	-18	-16
6900	109	123	-10	-2	-18	-16
7000	110	129	-10	-2	-18	-16
7100	109	124	-11	-2	-18	-16
7200	109	122	-11	-2	-17	-16
7300	109	122	-11	-3	-17	-16
7400	109	124	-11	-3	-18	-16
7500	109	124	-10	-2	-18	-16
7600	108	124	-10	-2	-18	-16
7700	108	124	-11	-2	-18	-15
7800	109	124	-10	-2	-18	-15
7900	109	122	-10	-2	-18	-15
8000	109	122	-11	-2	-18	-15
8100	109	122	-11	-2	-18	-16
8200	109	122	-11	-4	-18	-16
8300	110	122	-11	-4	-18	-17
8400	110	123	-11	-4	-18	-16
8500	110	123	-10	-3	-18	-16
8600	109	122	-11	-1	-19	-17
8700	109	122	-10	-1	-19	-17
8800	109	122	-10	-1	-19	-17
8900	110	122	-10	-1	-18	-16
9000	109	122	-10	-4	-18	-17
9100	110	122	-10	-1	-19	-17
9200	109	123	-10	-1	-19	-17
9300	109	123	-10	-1	-18	-16
9400	109	122	-11	-4	-18	-16
9500	109	122	-10	-4	-18	-16
9600	108	121	-11	-4	-18	-16
9700	107	123	-10	0	-18	-17
9800	107	120	-10	0	-18	-16
9900	107	115	-10	0	-18	-16
10000	106	115	-10	0	-18	-15

Run 26
100	135	143	0	0	-17	-11
200	123	143	-2	4	-18	-12
300	117	142	-3	2	-17	-11
400	116	142	-4	4	-17	-11
500	115	141	-4	4	-18	-13
600	114	141	-4	4	-17	-12
700	114	128	-4	4	-18	-13
800	113	125	-8	4	-19	-14
900	112	127	-7	4	-19	-14
1000	112	127	-7	4	-19	-14
1100	112	126	-7	4	-19	-14
1200	111	127	-7	4	-20	-14
1300	111	126	-7	4	-20	-15
1400	112	126	-7	4	-20	-14
1500	112	126	-8	4	-20	-14
1600	114	127	-9	4	-22	-17
1700	113	130	-8	4	-23	-15
1800	114	127	-9	4	-23	-15
1900	114	130	-9	-2	-23	-17
2000	114	130	-9	4	-23	-18
2100	111	130	-8	4	-23	-16
2200	111	126	-7	4	-23	-16
2300	111	126	-9	4	-23	-18
2400	110	127	-9	4	-23	-18
2500	111	127	-9	4	-23	-18
2600	111	128	-9	4	-23	-19
2700	108	128	-9	4	-23	-19
2800	109	128	-9	3	-23	-18
2900	108	128	-9	3	-23	-18
3000	107	128	-9	4	-24	-18
3100	107	127	-9	4	-24	-19
3200	107	127	-10	4	-24	-19
3300	108	119	-11	3	-25	-21
3400	107	125	-10	4	-25	-21
3500	107	127	-11	3	-25	-21
3600	108	125	-10	3	-25	-21
3700	108	125	-10	3	-25	-21
3800	108	127	-11	3	-25	-21
3900	108	127	-11	4	-25	-20
4000	107	125	-11	4	-25	-20
4100	107	116	-11	4	-25	-20
4200	109	125	-12	-2	-25	-21
4300	108	125	-11	-2	-25	-21
4400	108	116	-11	-2	-25	-21
4500	107	116	-11	-2	-25	-21
4600	107	115	-11	-2	-25	-21
4700	107	116	-11	-2	-25	-21
4800	106	116	-10	-2	-25	-21
4900	105	115	-10	-2	-25	-21
5000	105	115	-10	-2	-25	-21
5100	104	114	-10	-2	-25	-22
5200	104	114	-11	-3	-25	-22
5300	104	114	-11	-3	-25	-21
5400	104	114	-11	-3	-25	-21
5500	106	114	-12	-5	-26	-22
5600	106	114	-12	-4	-26	-22
5700	107	114	-12	-5	-26	-22
5800	106	116	-12	-6	-26	-22
5900	106	115	-12	-6	-26	-22
6000	107	116	-12	-6	-26	-22
6100	107	115	-12	-6	-26	-22
6200	107	115	-12	-6	-26	-22
6300	108	115	-12	-6	-26	-22
6400	108	115	-12	-6	-26	-22
6500	109	115	-12	-6	-27	-22
6600	109	115	-12	-6	-27	-22
6700	109	115	-12	-4	-27	-23
6800	109	115	-12	-3	-27	-23
6900	109	117	-12	-3	-27	-24
7000	108	118	-12	-6	-27	-24
7100	108	115	-12	-6	-27	-24
7200	108	117	-12	-6	-27	-24
7300	108	115	-12	-9	-27	-24
7400	108	115	-12	-9	-27	-24
7500	107	118	-12	-9	-27	-24
7600	107	118	-12	-9	-27	-24
7700	107	116	-12	-9	-27	-24
7800	107	115	-12	-10	-27	-24
7900	107	116	-12	-11	-27	-24
8000	107	116	-12	-9	-27	-24
8100	107	122	-12	-9	-28	-25
8200	106	121	-12	-9	-28	-26
8300	107	121	-12	-9	-28	-25
8400	108	121	-12	-9	-27	-26
8500	108	116	-12	-9	-27	-26
8600	108	116	-12	-6	-27	-25
8700	108	121	-12	-6	-27	-25
8800	108	115	-12	-5	-27	-25
8900	107	115	-12	-9	-27	-25
9000	108	115	-12	-6	-27	-25
9100	108	115	-12	-6	-27	-25
9200	108	122	-12	-6	-27	-25
9300	109	122	-12	-6	-27	-26
9400	109	113	-12	-2	-27	-26
9500	109	115	-12	-2	-27	-25
9600	108	116	-12	-2	-27	-25
9700	107	116	-12	-2	-27	-25
9800	107	115	-12	-2	-27	-25
9900	107	116	-12	-5	-27	-25
10000	107	116	-12	-6	-27	-25

Run 27
100	135	143	0	0	-17	-7
200	123	143	-2	5	-17	-7
300	119	143	-4	3	-17	-11
400	117	143	-4	3	-17	-11
500	114	139	-5	2	-18	-12
600	114	131	-4	5	-18	-12
700	113	131	-4	2	-18	-12
800	113	131	-5	1	-18	-11
900	112	131	-6	1	-18	-12
1000	112	131	-6	3	-19	-14
1100	111	131	-7	3	-18	-11
1200	111	128	-6	3	-18	-13
1300	109	125	-7	3	-19	-13
1400	110	125	-7	3	-18	-14
1500	109	125	-7	4	-19	-14
1600	110	125	-7	4	-18	-14
1700	109	125	-6	4	-19	-14
1800	108	125	-6	4	-19	-14
1900	108	121	-5	4	-19	-14
2000	107	122	-5	4	-19	-14
2100	106	119	-6	4	-18	-14
2200	105	122	-6	4	-18	-14
2300	106	121	-6	4	-18	-14
2400	105	121	-6	4	-18	-14
2500	105	121	-6	1	-18	-14
2600	106	121	-6	1	-19	-14
2700	106	121	-6	1	-19	-14
2800	105	121	-5	4	-19	-14
2900	105	121	-6	4	-19	-16
3000	105	119	-6	4	-19	-14
3100	105	119	-6	4	-19	-14
3200	106	119	-6	4	-19	-14
3300	106	119	-7	4	-19	-15
3400	106	119	-7	4	-19	-15
3500	107	119	-7	1	-19	-14
3600	108	119	-7	1	-19	-14
3700	108	119	-7	1	-19	-14
3800	109	119	-7	1	-19	-14
3900	108	119	-7	1	-19	-14
4000	108	119	-7	1	-19	-14
4100	108	119	-8	1	-19	-14
4200	108	119	-7	0	-19	-14
4300	107	119	-7	1	-19	-14
4400	106	119	-7	1	-19	-14
4500	107	122	-7	0	-19	-15
4600	107	122	-6	1	-20	-14
4700	105	122	-5	1	-20	-15
4800	105	119	-5	1	-20	-14
4900	104	119	-5	1	-20	-15
5000	105	119	-6	1	-20	-15
5100	105	115	-6	1	-20	-15
5200	105	119	-6	1	-20	-14
5300	105	119	-7	1	-20	-14
5400	105	119	-6	1	-21	-14
5500	105	119	-5	1	-21	-14
5600	106	122	-5	1	-22	-18
5700	105	115	-5	1	-22	-17
5800	106	119	-5	1	-22	-15
5900	106	119	-5	1	-22	-15
6000	106	120	-5	1	-22	-15
6100	106	120	-5	1	-22	-15
6200	106	119	-5	1	-22	-15
6300	106	115	-5	1	-22	-15
6400	105	115	-5	1	-22	-16
6500	104	115	-4	4	-23	-16
6600	104	115	-5	4	-22	-16
6700	105	115	-6	4	-23	-17
6800	106	115	-6	4	-23	-17
6900	106	115	-6	4	-23	-17
7000	106	115	-6	4	-24	-17
7100	107	115	-7	1	-24	-17
7200	106	115	-6	1	-24	-17
7300	106	115	-6	1	-24	-17
7400	106	115	-6	1	-25	-17
7500	105	115	-7	1	-24	-17
7600	104	115	-7	3	-24	-17
7700	105	115	-7	3	-24	-17
7800	105	115	-7	3	-24	-18
7900	105	115	-7	1	-24	-16
8000	105	115	-8	1	-24	-17
8100	105	115	-8	1	-24	-17
8200	105	120	-7	1	-24	-18
8300	105	115	-7	1	-25	-18
8400	105	115	-7	1	-25	-18
8500	105	115	-7	1	-25	-18
8600	104	115	-7	1	-25	-19
8700	104	115	-6	1	-25	-19
8800	104	117	-7	1	-25	-18
8900	104	117	-7	0	-25	-18
9000	104	119	-7	0	-25	-18
9100	103	117	-7	1	-25	-18
9200	103	114	-7	0	-25	-19
9300	103	114	-7	0	-25	-19
9400	104	115	-8	0	-25	-19
9500	104	114	-7	1	-25	-21
9600	103	115	-8	0	-25	-22
9700	104	115	-8	0	-25	-22
9800	104	115	-9	0	-26	-21
9900	105	115	-9	0	-25	-20
10000	106	115	-9	0	-26	-20

Run 28
100	134	145	0	0	-17	-8
200	125	144	-2	4	-17	-8
300	118	144	-3	6	-17	-11
400	116	144	-3	4	-17	-11
500	114	144	-3	4	-18	-11
600	114	137	-3	7	-17	-11
700	113	136	-3	7	-18	-11
800	113	127	-3	7	-18	-11
900	114	127	-3	4	-18	-11
1000	113	127	-3	4	-19	-14
1100	113	128	-4	4	-19	-13
1200	113	128	-5	5	-19	-13
1300	112	127	-5	4	-19	-13
1400	113	133	-4	4	-19	-13
1500	111	133	-4	4	-19	-13
1600	111	133	-3	4	-20	-13
1700	114	133	-6	4	-21	-16
1800	115	133	-6	4	-21	-16
1900	113	133	-6	4	-21	-17
2000	112	133	-6	4	-21	-17
2100	113	133	-7	4	-21	-17
2200	112	133	-7	4	-22	-18
2300	113	133	-7	4	-22	-17
2400	113	127	-8	4	-22	-18
2500	113	133	-8	4	-22	-19
2600	113	133	-8	4	-22	-19
2700	112	127	-8	2	-22	-19
2800	111	129	-7	2	-22	-20
2900	112	133	-7	2	-22	-20
3000	111	133	-8	2	-22	-19
3100	112	133	-8	3	-22	-20
3200	111	133	-7	3	-22	-20
3300	111	127	-6	2	-22	-19
3400	111	135	-7	2	-22	-20
3500	112	135	-7	3	-22	-18
3600	111	133	-6	3	-22	-18
3700	111	127	-6	3	-23	-18
3800	112	138	-5	3	-23	-18
3900	113	135	-5	3	-23	-18
4000	113	135	-5	3	-23	-20
4100	112	135	-6	3	-23	-20
4200	113	135	-7	3	-23	-20
4300	113	135	-6	3	-23	-20
4400	112	135	-6	3	-23	-20
4500	112	131	-5	1	-23	-20
4600	112	128	-5	1	-23	-20
4700	113	130	-5	3	-23	-20
4800	113	124	-5	3	-23	-20
4900	113	130	-6	-1	-24	-20
5000	113	127	-6	-1	-24	-20
5100	114	129	-5	-1	-24	-20
5200	112	127	-5	-1	-23	-20
5300	111	127	-5	0	-23	-20
5400	110	127	-5	0	-23	-20
5500	110	125	-6	0	-23	-20
5600	110	125	-6	0	-23	-20
5700	109	125	-6	4	-23	-20
5800	109	125	-6	4	-23	-20
5900	109	125	-7	2	-23	-20
6000	109	122	-7	2	-23	-20
6100	109	122	-7	-1	-23	-20
6200	109	124	-7	-1	-23	-20
6300	109	122	-6	2	-23	-20
6400	109	122	-6	-1	-23	-20
6500	111	126	-6	-1	-23	-21
6600	110	126	-6	-1	-23	-20
6700	111	126	-5	-1	-24	-20
6800	111	126	-6	-2	-24	-21
6900	110	126	-6	-2	-24	-21
7000	111	126	-5	4	-24	-21
7100	111	126	-5	-1	-24	-22
7200	109	126	-5	-1	-23	-22
7300	109	122	-4	-1	-23	-21
7400	110	122	-4	-1	-24	-21
7500	110	123	-4	-1	-24	-21
7600	110	123	-4	-1	-24	-22
7700	111	123	-4	-1	-24	-22
7800	110	122	-4	-1	-24	-22
7900	110	122	-4	-1	-24	-22
8000	109	123	-4	-1	-23	-22
8100	110	123	-4	-1	-24	-22
8200	109	123	-4	-1	-24	-22
8300	109	123	-4	-1	-24	-22
8400	109	123	-4	-1	-24	-22
8500	109	124	-4	-2	-24	-22
8600	109	123	-4	-1	-24	-22
8700	105	124	-8	-4	-24	-22
8800	104	122	-8	-2	-24	-22
8900	104	122	-9	-2	-24	-22
9000	105	122	-8	-2	-24	-22
9100	105	122	-8	-2	-24	-22
9200	106	124	-8	-3	-24	-22
9300	106	122	-8	-4	-24	-22
9400	105	122	-8	-4	-24	-22
9500	106	122	-9	-4	-24	-22
9600	106	122	-9	2	-24	-22
9700	107	122	-9	4	-24	-22
9800	107	122	-11	-4	-24	-22
9900	108	122	-9	-4	-24	-22
10000	108	122	-9	-4	-24	-22

Run 29
100	134	144	0	0	-17	-10
200	125	144	-2	7	-17	-11
300	120	139	-3	3	-17	-12
400	117	139	-4	4	-18	-11
500	116	139	-4	4	-17	-12
600	117	139	-4	5	-18	-12
700	116	128	-4	5	-18	-13
800	115	127	-4	5	-18	-14
900	115	132	-5	4	-18	-13
1000	115	132	-5	3	-18	-12
1100	114	127	-6	2	-18	-13
1200	115	130	-6	3	-18	-13
1300	113	127	-6	3	-18	-13
1400	114	127	-5	2	-18	-13
1500	114	127	-6	2	-18	-14
1600	114	127	-6	2	-19	-14
1700	114	127	-6	2	-19	-14
1800	114	127	-7	2	-19	-14
1900	114	127	-7	2	-19	-13
2000	113	127	-6	2	-19	-14
2100	113	127	-7	2	-19	-14
2200	112	127	-6	2	-19	-14
2300	112	127	-6	2	-19	-14
2400	112	127	-6	7	-19	-15
2500	112	127	-6	7	-19	-15
2600	112	127	-6	2	-19	-15
2700	113	127	-6	2	-20	-15
2800	110	127	-5	2	-20	-15
2900	111	127	-6	2	-19	-15
3000	110	127	-5	2	-19	-15
3100	110	127	-6	2	-19	-15
3200	111	127	-6	2	-20	-16
3300	112	127	-6	2	-20	-16
3400	112	127	-7	2	-20	-16
3500	112	127	-7	2	-20	-16
3600	112	127	-7	2	-20	-15
3700	112	127	-7	2	-20	-15
3800	112	127	-8	2	-20	-15
3900	112	127	-8	2	-20	-15
4000	111	127	-7	2	-20	-15
4100	110	127	-7	2	-19	-15
4200	111	127	-7	2	-20	-15
4300	111	127	-7	3	-20	-15
4400	112	128	-7	2	-20	-15
4500	111	128	-7	3	-20	-15
4600	111	128	-6	3	-20	-15
4700	112	128	-7	3	-20	-16
4800	112	128	-7	2	-21	-16
4900	112	128	-7	2	-21	-15
5000	113	128	-8	2	-21	-16
5100	113	127	-8	2	-21	-16
5200	113	127	-9	2	-21	-16
5300	115	127	-10	2	-21	-16
5400	115	127	-10	2	-22	-16
5500	115	128	-10	2	-22	-16
5600	115	127	-11	2	-22	-18
5700	114	127	-11	2	-22	-17
5800	115	127	-11	2	-22	-17
5900	116	127	-11	2	-22	-18
6000	116	127	-12	2	-22	-18
6100	115	127	-12	-4	-22	-18
6200	117	131	-12	-4	-22	-19
6300	117	129	-12	-2	-22	-18
6400	117	129	-12	-4	-22	-19
6500	116	127	-12	-4	-22	-19
6600	117	131	-13	-5	-22	-19
6700	116	131	-13	-6	-22	-19
6800	116	131	-13	-8	-22	-19
6900	118	132	-13	-6	-22	-19
7000	118	131	-13	-6	-22	-19
7100	117	131	-13	-6	-22	-21
7200	118	132	-13	-6	-22	-21
7300	117	132	-13	-6	-22	-21
7400	116	131	-13	-6	-22	-21
7500	115	131	-13	-6	-22	-21
7600	115	131	-13	-6	-22	-21
7700	115	127	-13	-4	-22	-21
7800	115	127	-13	-4	-22	-21
7900	115	131	-13	-4	-22	-21
8000	116	133	-13	-4	-22	-21
8100	114	133	-13	-4	-22	-20
8200	114	133	-13	-4	-22	-20
8300	114	129	-13	-4	-22	-21
8400	114	129	-13	-8	-22	-21
8500	115	129	-13	-7	-22	-21
8600	114	129	-13	-7	-22	-21
8700	114	129	-13	-7	-22	-21
8800	114	129	-13	-7	-22	-21
8900	114	129	-13	-7	-22	-20
9000	114	129	-13	-7	-22	-20
9100	115	129	-13	-4	-22	-21
9200	116	129	-13	-4	-22	-21
9300	116	129	-13	-4	-22	-21
9400	116	129	-13	-7	-22	-21
9500	117	129	-13	-7	-23	-21
9600	117	129	-13	-7	-23	-21
9700	117	129	-14	-7	-23	-21
9800	116	129	-13	-7	-23	-21
9900	117	129	-13	-7	-23	-20
10000	116	129	-13	-7	-23	-20

Run 30
100	135	144	0	0	-17	-10
200	125	144	-1	4	-18	-13
300	119	141	-2	4	-18	-14
400	117	141	-2	4	-19	-15
500	116	141	-3	4	-18	-13
600	115	136	-3	6	-19	-13
700	114	136	-3	6	-18	-13
800	114	126	-3	7	-18	-13
900	111	126	-4	6	-18	-13
1000	109	125	-4	7	-19	-13
1100	108	124	-4	7	-20	-13
1200	108	124	-4	6	-20	-13
1300	109	124	-5	6	-20	-13
1400	109	124	-5	6	-20	-15
1500	109	124	-5	5	-20	-15
1600	108	125	-5	2	-20	-13
1700	110	125	-5	2	-20	-15
1800	111	125	-5	2	-20	-15
1900	110	126	-5	2	-21	-15
2000	109	125	-5	2	-20	-15
2100	109	127	-6	2	-21	-15
2200	109	125	-5	2	-21	-15
2300	110	125	-6	2	-21	-15
2400	111	125	-5	2	-21	-13
2500	111	125	-6	2	-21	-13
2600	111	125	-6	2	-21	-14
2700	111	127	-6	2	-21	-15
2800	111	125	-5	2	-21	-15
2900	111	129	-4	2	-22	-16
3000	111	127	-4	2	-22	-16
3100	109	127	-4	2	-21	-15
3200	109	127	-4	2	-22	-15
3300	109	127	-4	2	-21	-15
3400	110	127	-5	2	-22	-15
3500	110	127	-6	2	-21	-15
3600	110	127	-6	2	-21	-15
3700	110	127	-6	2	-21	-15
3800	110	127	-6	2	-22	-16
3900	110	127	-6	2	-22	-16
4000	111	127	-6	2	-22	-16
4100	110	127	-7	2	-22	-16
4200	108	123	-7	2	-22	-16
4300	108	123	-7	2	-22	-15
4400	108	127	-9	2	-21	-15
4500	108	127	-10	0	-21	-15
4600	107	127	-10	2	-21	-18
4700	105	127	-9	2	-21	-15
4800	104	127	-9	2	-22	-16
4900	102	127	-8	2	-22	-16
5000	102	127	-7	2	-22	-16
5100	103	127	-8	1	-22	-16
5200	105	127	-8	1	-22	-16
5300	104	127	-8	2	-22	-19
5400	105	127	-8	1	-22	-19
5500	104	127	-8	1	-22	-19
5600	103	127	-8	1	-22	-19
5700	104	127	-9	1	-22	-19
5800	104	127	-9	1	-22	-19
5900	102	127	-9	1	-22	-19
6000	102	127	-9	1	-22	-19
6100	101	127	-9	1	-22	-19
6200	100	127	-9	1	-22	-19
6300	99	128	-8	1	-22	-19
6400	99	127	-8	1	-23	-19
6500	98	127	-8	1	-22	-19
6600	99	127	-8	1	-22	-19
6700	99	127	-8	1	-23	-19
6800	98	126	-8	1	-23	-19
6900	96	126	-7	1	-23	-18
7000	96	125	-6	1	-23	-18
7100	95	126	-6	1	-23	-19
7200	94	126	-6	1	-23	-19
7300	94	119	-7	1	-23	-19
7400	94	119	-6	1	-23	-19
7500	94	119	-6	1	-23	-19
7600	93	125	-6	1	-23	-19
7700	94	125	-7	1	-23	-19
7800	95	119	-7	1	-23	-19
7900	95	119	-7	1	-23	-19
8000	95	120	-7	1	-23	-19
8100	94	119	-5	1	-24	-19
8200	93	119	-5	1	-24	-19
8300	91	119	-6	1	-23	-19
8400	91	119	-5	1	-24	-19
8500	90	114	-6	1	-24	-19
8600	91	119	-5	1	-24	-19
8700	92	119	-5	1	-24	-20
8800	91	119	-5	1	-24	-19
8900	91	119	-6	1	-24	-19
9000	91	119	-6	1	-24	-19
9100	92	120	-6	1	-24	-19
9200	93	120	-5	1	-24	-19
9300	93	119	-5	1	-24	-19
9400	93	119	-4	1	-24	-19
9500	93	117	-4	1	-24	-19
9600	94	117	-5	-1	-24	-19
9700	94	115	-4	-1	-24	-19
9800	94	117	-5	-1	-24	-19
9900	94	117	-3	0	-25	-20
10000	94	117	-3	0	-25	-20

