Results Log

logfileFCT.txt

Random Generator Seed: 1382224294
Number of Runs: 30
Number of Evaluations: 10000
Random Flag: 1
Puzzle File Name: testpuzzle.txt

Run 1
100	3	3	0	0	-32	-32
200	7	21	0	0	-30	-29
300	7	18	0	0	-29	-29
400	7	16	0	0	-30	-30
500	6	7	0	0	-30	-29
600	7	18	0	0	-30	-30
700	7	14	0	0	-29	-29
800	6	7	0	0	-30	-30
900	7	11	0	0	-30	-28
1000	6	10	0	0	-30	-30
1100	7	21	0	0	-30	-30
1200	7	27	0	0	-30	-29
1300	7	19	0	0	-30	-29
1400	7	13	0	0	-30	-29
1500	7	12	0	0	-30	-29
1600	7	20	0	0	-30	-29
1700	7	13	0	0	-30	-30
1800	7	16	0	0	-30	-29
1900	7	16	0	0	-30	-29
2000	17	31	0	0	-30	-29
2100	7	17	0	0	-30	-29
2200	16	26	0	0	-30	-30
2300	7	21	0	0	-30	-30
2400	17	30	0	0	-29	-28
2500	7	17	0	0	-30	-30
2600	16	20	0	0	-30	-30
2700	7	19	0	0	-30	-29
2800	16	26	0	0	-30	-30
2900	7	22	0	0	-30	-30
3000	17	29	0	0	-30	-30
3100	7	18	0	0	-30	-30
3200	17	27	0	0	-30	-29
3300	7	17	0	0	-29	-29
3400	17	25	0	0	-30	-29
3500	7	21	0	0	-30	-30
3600	16	25	0	0	-30	-29
3700	7	17	0	0	-30	-30
3800	16	19	0	0	-30	-29
3900	7	20	0	0	-30	-30
4000	17	27	0	0	-30	-30
4100	7	18	0	0	-30	-30
4200	17	32	0	0	-30	-29
4300	7	17	0	0	-30	-30
4400	16	24	0	0	-30	-29
4500	7	18	0	0	-30	-29
4600	17	27	0	0	-29	-29
4700	7	17	0	0	-30	-30
4800	17	28	0	0	-30	-29
4900	7	23	0	0	-30	-30
5000	17	29	0	0	-30	-30
5100	7	21	0	0	-30	-29
5200	16	24	0	0	-30	-29
5300	7	17	0	0	-30	-30
5400	16	26	0	0	-30	-27
5500	7	17	0	0	-30	-30
5600	17	27	0	0	-30	-29
5700	7	17	0	0	-30	-30
5800	16	29	0	0	-30	-29
5900	7	20	0	0	-30	-30
6000	16	17	0	0	-30	-30
6100	7	17	0	0	-30	-30
6200	17	33	0	0	-30	-29
6300	7	23	0	0	-30	-30
6400	16	25	0	0	-30	-29
6500	7	17	0	0	-30	-29
6600	16	23	0	0	-30	-28
6700	7	17	0	0	-30	-30
6800	17	23	0	0	-30	-30
6900	7	17	0	0	-30	-29
7000	17	33	0	0	-30	-28
7100	7	17	0	0	-30	-27
7200	17	25	0	0	-30	-28
7300	7	18	0	0	-29	-29
7400	17	29	0	0	-30	-29
7500	7	18	0	0	-30	-30
7600	17	30	0	0	-30	-29
7700	7	21	0	0	-30	-29
7800	17	33	0	0	-30	-30
7900	7	18	0	0	-30	-29
8000	17	25	0	0	-30	-30
8100	7	17	0	0	-30	-28
8200	17	22	0	0	-30	-29
8300	7	21	0	0	-30	-30
8400	17	29	0	0	-30	-30
8500	7	19	0	0	-30	-29
8600	17	30	0	0	-29	-28
8700	7	21	0	0	-30	-29
8800	17	30	0	0	-30	-28
8900	7	27	0	0	-30	-30
9000	17	26	0	0	-30	-30
9100	7	17	0	0	-30	-29
9200	17	31	0	0	-30	-29
9300	7	17	0	0	-30	-30
9400	17	28	0	0	-30	-29
9500	7	17	0	0	-30	-30
9600	17	25	0	0	-30	-29
9700	7	18	0	0	-30	-30
9800	16	23	0	0	-30	-30
9900	7	17	0	0	-30	-29
10000	17	26	0	0	-30	-30

Run 2
100	3	3	0	0	-32	-32
200	7	14	0	0	-30	-29
300	7	20	0	0	-30	-29
400	7	18	0	0	-30	-30
500	7	16	0	0	-30	-30
600	7	16	0	0	-30	-28
700	6	7	0	0	-30	-30
800	7	13	0	0	-30	-30
900	7	11	0	0	-30	-30
1000	7	14	0	0	-30	-29
1100	7	19	0	0	-30	-30
1200	6	11	0	0	-30	-29
1300	7	21	0	0	-30	-30
1400	7	18	0	0	-30	-29
1500	7	18	0	0	-30	-29
1600	7	17	0	0	-29	-28
1700	7	19	0	0	-30	-28
1800	7	20	0	0	-30	-30
1900	7	11	0	0	-30	-30
2000	7	22	0	0	-30	-28
2100	7	23	0	0	-30	-30
2200	7	16	0	0	-30	-30
2300	7	12	0	0	-29	-29
2400	7	22	0	0	-30	-30
2500	7	19	0	0	-30	-29
2600	7	23	0	0	-30	-30
2700	7	19	0	0	-30	-30
2800	7	21	0	0	-30	-29
2900	7	19	0	0	-30	-29
3000	7	24	0	0	-29	-28
3100	7	23	0	0	-30	-30
3200	7	23	0	0	-30	-30
3300	7	14	0	0	-30	-29
3400	7	23	0	0	-30	-29
3500	7	16	0	0	-30	-30
3600	7	21	0	0	-30	-29
3700	7	15	0	0	-30	-29
3800	7	18	0	0	-30	-30
3900	7	11	0	0	-30	-29
4000	7	26	0	0	-30	-30
4100	7	12	0	0	-30	-29
4200	7	12	0	0	-30	-30
4300	7	18	0	0	-30	-28
4400	7	16	0	0	-29	-29
4500	7	17	0	0	-30	-29
4600	7	19	0	0	-30	-30
4700	7	19	0	0	-30	-30
4800	5	15	0	0	-31	-30
4900	7	25	0	0	-30	-30
5000	5	14	0	0	-31	-30
5100	7	26	0	0	-30	-29
5200	5	17	0	0	-31	-29
5300	7	23	0	0	-30	-30
5400	5	13	0	0	-31	-30
5500	7	18	0	0	-30	-29
5600	5	18	0	0	-30	-30
5700	7	18	0	0	-30	-30
5800	5	19	0	0	-31	-30
5900	7	13	0	0	-30	-29
6000	5	16	0	0	-31	-30
6100	7	22	0	0	-30	-29
6200	8	22	0	0	-31	-30
6300	7	19	0	0	-30	-29
6400	8	24	0	0	-31	-30
6500	7	15	0	0	-30	-29
6600	8	18	0	0	-31	-30
6700	7	22	0	0	-30	-30
6800	8	23	0	0	-31	-30
6900	7	27	0	0	-30	-30
7000	8	21	0	0	-31	-30
7100	7	22	0	0	-30	-30
7200	8	15	0	0	-31	-30
7300	7	24	0	0	-30	-29
7400	8	16	0	0	-31	-30
7500	7	8	0	0	-30	-29
7600	8	19	0	0	-31	-30
7700	7	27	0	0	-30	-29
7800	8	24	0	0	-31	-30
7900	7	20	0	0	-30	-30
8000	8	14	0	0	-31	-31
8100	13	32	0	0	-31	-30
8200	8	13	0	0	-31	-30
8300	13	23	0	0	-31	-31
8400	7	13	0	0	-31	-31
8500	13	23	0	0	-31	-31
8600	8	13	0	0	-31	-31
8700	13	23	0	0	-31	-29
8800	8	13	0	0	-31	-31
8900	13	24	0	0	-31	-31
9000	8	13	0	0	-31	-31
9100	13	24	0	0	-31	-29
9200	8	13	0	0	-31	-31
9300	13	27	0	0	-31	-30
9400	8	15	0	0	-31	-30
9500	12	20	0	0	-31	-30
9600	8	23	0	0	-31	-31
9700	12	19	0	0	-31	-31
9800	8	13	0	0	-31	-30
9900	13	30	0	0	-31	-30
10000	8	19	0	0	-31	-30

Run 3
100	3	3	0	0	-32	-32
200	7	23	0	0	-30	-30
300	7	21	0	0	-30	-30
400	4	19	0	0	-30	-30
500	7	19	0	0	-30	-29
600	4	17	0	0	-30	-30
700	6	9	0	0	-30	-30
800	4	9	0	0	-31	-30
900	7	14	0	0	-30	-29
1000	4	16	0	0	-31	-30
1100	7	12	0	0	-30	-28
1200	4	14	0	0	-31	-29
1300	7	19	0	0	-30	-30
1400	4	13	0	0	-31	-30
1500	7	12	0	0	-30	-29
1600	4	16	0	0	-31	-30
1700	7	23	0	0	-30	-29
1800	4	17	0	0	-31	-30
1900	7	23	0	0	-30	-29
2000	4	11	0	0	-31	-30
2100	7	18	0	0	-30	-29
2200	5	12	0	0	-32	-30
2300	7	16	0	0	-30	-29
2400	5	25	0	0	-32	-30
2500	7	17	0	0	-30	-27
2600	5	18	0	0	-32	-30
2700	7	21	0	0	-30	-30
2800	5	9	0	0	-31	-30
2900	7	16	0	0	-30	-30
3000	5	17	0	0	-32	-30
3100	7	21	0	0	-30	-29
3200	5	22	0	0	-32	-30
3300	7	17	0	0	-30	-30
3400	4	12	0	0	-32	-30
3500	7	11	0	0	-30	-30
3600	5	9	0	0	-32	-30
3700	7	16	0	0	-30	-29
3800	4	11	0	0	-32	-30
3900	7	15	0	0	-30	-28
4000	5	14	0	0	-32	-30
4100	6	11	0	0	-30	-30
4200	5	18	0	0	-31	-30
4300	7	21	0	0	-30	-29
4400	5	19	0	0	-32	-30
4500	7	18	0	0	-30	-29
4600	5	17	0	0	-31	-30
4700	7	21	0	0	-30	-29
4800	5	23	0	0	-32	-30
4900	7	19	0	0	-30	-30
5000	5	17	0	0	-32	-30
5100	7	21	0	0	-30	-30
5200	5	7	0	0	-31	-30
5300	6	8	0	0	-30	-30
5400	5	13	0	0	-31	-30
5500	7	18	0	0	-30	-30
5600	5	17	0	0	-31	-30
5700	7	22	0	0	-30	-30
5800	5	12	0	0	-31	-30
5900	7	11	0	0	-30	-29
6000	4	9	0	0	-32	-30
6100	7	11	0	0	-30	-30
6200	5	9	0	0	-31	-30
6300	7	18	0	0	-30	-29
6400	5	13	0	0	-31	-30
6500	7	16	0	0	-30	-30
6600	5	11	0	0	-32	-30
6700	7	13	0	0	-30	-28
6800	5	5	0	0	-32	-31
6900	8	12	0	0	-31	-31
7000	5	15	0	0	-32	-31
7100	8	17	0	0	-31	-30
7200	5	15	0	0	-32	-31
7300	8	18	0	0	-31	-31
7400	5	17	0	0	-32	-31
7500	8	20	0	0	-31	-31
7600	5	21	0	0	-32	-31
7700	3	21	0	0	-32	-31
7800	5	23	0	0	-32	-31
7900	3	19	0	0	-32	-31
8000	5	19	0	0	-32	-31
8100	3	18	0	0	-32	-32
8200	5	18	0	0	-32	-32
8300	3	10	0	0	-32	-31
8400	5	13	0	0	-32	-31
8500	3	12	0	0	-32	-30
8600	4	9	0	0	-32	-32
8700	0	13	0	0	-32	-32
8800	5	22	0	0	-32	-31
8900	0	13	0	0	-32	-32
9000	4	13	0	0	-32	-31
9100	0	12	0	0	-32	-32
9200	4	14	0	0	-32	-31
9300	0	18	0	0	-32	-32
9400	4	10	0	0	-32	-32
9500	0	12	0	0	-32	-32
9600	5	14	0	0	-31	-31
9700	0	13	0	0	-33	-32
9800	5	18	0	0	-32	-32
9900	0	14	0	0	-32	-32
10000	4	18	0	0	-32	-32

Run 4
100	3	3	0	0	-32	-32
200	7	23	0	0	-30	-30
300	6	9	0	0	-30	-28
400	7	21	0	2	-30	-30
500	6	9	0	0	-30	-30
600	7	17	0	0	-30	-28
700	7	10	0	0	-30	-30
800	6	7	0	0	-30	-30
900	7	16	0	0	-30	-29
1000	7	28	0	0	-30	-28
1100	7	22	0	0	-30	-29
1200	7	17	0	0	-29	-29
1300	7	16	0	0	-30	-29
1400	7	23	0	0	-30	-30
1500	7	16	0	0	-30	-30
1600	7	23	0	0	-30	-29
1700	7	15	0	0	-30	-30
1800	7	13	0	0	-30	-28
1900	7	16	0	0	-30	-29
2000	7	12	0	0	-30	-29
2100	7	19	0	0	-30	-29
2200	7	18	0	0	-30	-30
2300	7	14	0	0	-30	-30
2400	7	16	0	0	-29	-29
2500	7	23	0	0	-30	-30
2600	7	18	0	0	-30	-30
2700	7	16	0	0	-30	-30
2800	7	27	0	0	-30	-29
2900	7	18	0	0	-30	-30
3000	7	18	0	0	-30	-29
3100	7	24	0	0	-30	-30
3200	12	18	0	0	-30	-29
3300	7	18	0	0	-29	-28
3400	12	16	0	0	-29	-28
3500	16	25	0	0	-28	-28
3600	12	25	0	0	-29	-28
3700	22	31	0	0	-28	-26
3800	12	22	0	0	-29	-28
3900	22	38	0	0	-28	-26
4000	12	24	0	0	-30	-28
4100	22	31	0	0	-28	-28
4200	12	22	0	0	-29	-28
4300	21	27	0	0	-28	-28
4400	12	22	0	0	-30	-28
4500	22	33	0	0	-28	-27
4600	12	22	0	0	-29	-28
4700	21	27	0	0	-28	-27
4800	12	22	0	0	-30	-28
4900	22	33	0	0	-28	-27
5000	12	24	0	0	-29	-28
5100	21	34	0	0	-28	-27
5200	12	22	0	0	-30	-28
5300	22	35	0	0	-28	-27
5400	12	25	0	0	-29	-28
5500	22	35	0	0	-28	-27
5600	12	25	0	0	-29	-28
5700	27	37	0	0	-28	-28
5800	12	37	0	0	-29	-28
5900	36	50	0	0	-28	-26
6000	12	37	0	0	-29	-28
6100	37	47	0	0	-28	-27
6200	12	37	0	0	-29	-28
6300	36	45	0	0	-28	-28
6400	12	36	0	0	-29	-28
6500	36	47	0	0	-28	-27
6600	12	37	0	0	-29	-28
6700	36	51	0	0	-28	-27
6800	12	51	0	0	-30	-29
6900	47	54	0	0	-29	-28
7000	12	48	0	0	-30	-29
7100	47	50	0	0	-29	-28
7200	12	48	0	0	-29	-29
7300	47	55	0	0	-29	-27
7400	12	48	0	0	-29	-29
7500	47	48	0	0	-29	-29
7600	13	48	0	0	-30	-29
7700	47	52	0	0	-29	-29
7800	12	48	0	0	-29	-29
7900	47	54	0	0	-29	-28
8000	12	48	0	0	-30	-29
8100	47	51	0	0	-29	-29
8200	12	48	0	0	-30	-29
8300	47	52	0	0	-29	-28
8400	12	39	0	0	-30	-29
8500	37	44	0	0	-29	-28
8600	12	38	0	0	-30	-29
8700	37	40	0	0	-29	-27
8800	12	38	0	0	-29	-29
8900	37	49	0	0	-28	-28
9000	21	38	0	0	-29	-28
9100	37	38	0	0	-29	-27
9200	21	38	0	0	-29	-29
9300	37	42	0	0	-29	-28
9400	21	38	0	0	-29	-29
9500	37	44	0	0	-29	-28
9600	21	38	0	0	-29	-29
9700	37	42	0	0	-29	-28
9800	21	38	0	0	-29	-29
9900	37	54	0	0	-29	-27
10000	21	38	0	0	-29	-27

Run 5
100	3	3	0	0	-32	-32
200	7	20	0	0	-30	-28
300	7	19	0	0	-30	-30
400	7	19	0	0	-30	-30
500	7	22	0	0	-30	-29
600	7	25	0	0	-30	-30
700	7	12	0	0	-30	-29
800	7	20	0	0	-30	-30
900	8	22	0	0	-31	-29
1000	7	15	0	0	-30	-29
1100	13	23	0	0	-29	-28
1200	7	14	0	0	-30	-29
1300	13	22	0	0	-29	-28
1400	7	16	0	0	-30	-29
1500	13	19	0	0	-29	-28
1600	7	17	0	0	-30	-29
1700	13	22	0	0	-29	-28
1800	6	13	0	0	-30	-29
1900	12	17	0	0	-29	-28
2000	7	16	0	0	-30	-29
2100	12	15	0	0	-29	-29
2200	7	13	0	0	-30	-29
2300	13	24	0	0	-29	-28
2400	7	19	0	0	-29	-28
2500	13	23	0	0	-29	-29
2600	7	22	0	0	-30	-29
2700	13	24	0	0	-29	-29
2800	7	16	0	0	-30	-29
2900	13	18	0	0	-28	-27
3000	7	18	0	0	-30	-27
3100	19	25	0	0	-27	-26
3200	7	23	0	0	-29	-27
3300	20	33	0	0	-27	-26
3400	7	20	0	0	-29	-27
3500	19	26	0	0	-27	-27
3600	7	20	0	0	-30	-27
3700	20	36	0	0	-27	-26
3800	7	20	0	0	-29	-27
3900	19	25	0	0	-27	-26
4000	13	20	0	0	-28	-27
4100	19	26	0	0	-27	-27
4200	13	28	0	0	-27	-27
4300	20	36	0	0	-27	-26
4400	13	21	0	0	-28	-27
4500	19	31	0	0	-27	-27
4600	13	24	0	0	-28	-27
4700	20	36	0	0	-27	-26
4800	13	23	0	0	-28	-27
4900	20	33	0	0	-27	-27
5000	13	23	0	0	-28	-27
5100	20	40	0	0	-27	-26
5200	13	20	0	0	-28	-27
5300	20	28	0	0	-27	-26
5400	15	20	0	0	-28	-27
5500	20	32	0	0	-27	-27
5600	16	23	0	0	-29	-27
5700	20	34	0	0	-27	-27
5800	15	20	0	0	-29	-27
5900	20	31	0	0	-27	-25
6000	15	20	0	0	-29	-27
6100	20	30	0	0	-27	-27
6200	16	27	0	0	-29	-27
6300	19	22	0	1	-27	-26
6400	16	27	0	0	-29	-27
6500	20	25	0	0	-27	-26
6600	16	30	0	0	-29	-27
6700	19	20	0	0	-27	-27
6800	16	20	0	0	-29	-27
6900	20	32	0	0	-27	-26
7000	15	20	0	0	-30	-27
7100	20	39	0	0	-27	-25
7200	16	20	0	0	-29	-27
7300	20	33	0	0	-27	-27
7400	16	26	0	0	-29	-27
7500	20	29	0	0	-27	-26
7600	16	31	0	0	-30	-27
7700	19	29	0	0	-27	-27
7800	16	35	0	0	-29	-27
7900	20	28	0	0	-27	-27
8000	16	27	0	0	-30	-27
8100	20	33	0	1	-27	-27
8200	17	31	0	0	-30	-27
8300	20	27	0	0	-27	-27
8400	17	27	0	0	-30	-27
8500	20	33	0	0	-27	-27
8600	17	30	0	0	-30	-27
8700	20	38	0	0	-27	-27
8800	16	20	0	0	-30	-27
8900	20	36	0	0	-27	-27
9000	17	24	0	0	-30	-27
9100	20	28	0	0	-27	-26
9200	17	24	0	0	-30	-27
9300	20	36	0	0	-27	-25
9400	17	30	0	0	-31	-27
9500	19	27	0	0	-27	-27
9600	16	21	0	0	-30	-27
9700	20	33	0	0	-27	-25
9800	16	20	0	0	-30	-27
9900	20	34	0	0	-27	-26
10000	16	20	0	0	-30	-27

Run 6
100	3	3	0	0	-32	-32
200	7	22	0	0	-30	-29
300	7	18	0	0	-30	-30
400	7	18	0	0	-30	-30
500	6	7	0	0	-30	-30
600	7	15	0	0	-30	-30
700	7	16	0	0	-30	-30
800	7	27	0	0	-30	-30
900	7	21	0	0	-30	-30
1000	7	27	0	0	-30	-30
1100	6	7	0	0	-30	-30
1200	7	19	0	0	-30	-29
1300	7	18	0	0	-30	-30
1400	7	14	0	0	-30	-30
1500	7	15	0	0	-30	-30
1600	7	26	0	0	-30	-29
1700	7	22	0	0	-30	-30
1800	7	27	0	0	-30	-29
1900	4	14	0	0	-31	-30
2000	7	22	0	0	-30	-29
2100	4	19	0	0	-31	-30
2200	7	11	0	0	-30	-28
2300	4	10	0	0	-31	-31
2400	11	22	0	0	-31	-31
2500	4	20	0	0	-31	-31
2600	11	18	0	0	-30	-30
2700	4	11	0	0	-31	-31
2800	11	27	0	0	-31	-31
2900	4	12	0	0	-31	-30
3000	11	22	0	0	-31	-30
3100	4	16	0	0	-31	-30
3200	11	25	0	0	-31	-31
3300	4	15	0	0	-31	-30
3400	11	29	0	0	-31	-30
3500	4	20	0	0	-30	-29
3600	10	15	0	0	-31	-31
3700	4	22	0	0	-31	-30
3800	10	18	0	0	-31	-30
3900	4	17	0	0	-31	-30
4000	11	30	0	0	-31	-31
4100	4	11	0	0	-31	-31
4200	10	18	0	0	-31	-31
4300	9	17	0	0	-32	-31
4400	11	17	0	0	-31	-31
4500	9	22	0	0	-32	-31
4600	10	11	0	0	-31	-31
4700	8	11	0	0	-31	-30
4800	10	15	0	0	-30	-29
4900	9	17	0	0	-32	-31
5000	11	24	0	0	-31	-30
5100	9	19	0	0	-31	-31
5200	11	21	0	0	-31	-30
5300	9	26	0	0	-32	-31
5400	11	29	0	0	-31	-31
5500	9	14	0	0	-31	-30
5600	11	22	0	0	-31	-30
5700	9	19	0	0	-31	-30
5800	11	18	0	0	-31	-30
5900	9	14	0	0	-32	-31
6000	11	19	0	0	-31	-30
6100	9	18	0	0	-31	-30
6200	11	22	0	0	-30	-29
6300	9	17	0	0	-32	-31
6400	11	24	0	0	-31	-30
6500	8	17	0	0	-32	-31
6600	11	20	0	0	-31	-30
6700	9	22	0	0	-31	-31
6800	11	20	0	0	-31	-30
6900	9	21	0	0	-32	-30
7000	10	20	0	0	-31	-31
7100	9	15	0	0	-32	-31
7200	11	25	0	0	-31	-31
7300	9	18	0	0	-32	-31
7400	11	20	0	0	-31	-30
7500	8	17	0	0	-32	-31
7600	11	22	0	0	-31	-30
7700	9	24	0	0	-32	-31
7800	11	23	0	0	-30	-29
7900	9	11	0	0	-31	-31
8000	11	18	0	0	-31	-30
8100	9	23	0	0	-32	-31
8200	11	25	0	0	-31	-31
8300	8	11	0	0	-31	-31
8400	11	18	0	0	-31	-30
8500	9	20	0	0	-31	-30
8600	11	19	0	0	-31	-30
8700	9	17	0	0	-31	-29
8800	11	18	0	0	-31	-31
8900	9	13	0	0	-31	-31
9000	11	23	0	0	-31	-30
9100	8	14	0	0	-32	-31
9200	11	18	0	0	-31	-30
9300	9	11	0	0	-31	-31
9400	11	19	0	0	-31	-29
9500	9	20	0	0	-32	-31
9600	11	27	0	0	-30	-28
9700	9	22	0	0	-32	-31
9800	10	11	0	0	-31	-30
9900	9	13	0	0	-32	-31
10000	11	27	0	0	-31	-31

Run 7
100	3	3	0	0	-32	-32
200	6	10	0	0	-30	-30
300	7	11	0	0	-30	-28
400	7	16	0	0	-30	-29
500	7	27	0	0	-30	-30
600	7	26	0	0	-30	-29
700	7	23	0	0	-30	-30
800	7	15	0	0	-30	-30
900	7	23	0	0	-30	-30
1000	7	28	0	0	-30	-29
1100	7	15	0	0	-30	-29
1200	7	23	0	0	-30	-28
1300	6	8	0	0	-30	-30
1400	7	21	0	0	-30	-30
1500	7	16	0	0	-30	-30
1600	7	14	0	0	-30	-29
1700	7	28	0	0	-30	-30
1800	7	23	0	0	-30	-29
1900	7	13	0	0	-30	-30
2000	7	13	0	0	-30	-29
2100	7	26	0	0	-30	-29
2200	7	14	0	0	-30	-30
2300	7	22	0	0	-30	-29
2400	7	12	0	0	-30	-30
2500	7	13	0	0	-30	-30
2600	7	18	0	0	-30	-29
2700	7	11	0	0	-30	-29
2800	7	13	0	0	-30	-29
2900	7	23	0	0	-30	-30
3000	7	16	0	0	-30	-30
3100	7	10	0	0	-30	-30
3200	7	21	0	0	-29	-29
3300	7	15	0	0	-30	-29
3400	7	12	0	0	-30	-30
3500	7	19	0	0	-30	-30
3600	7	27	0	0	-30	-29
3700	7	11	0	0	-30	-30
3800	7	17	0	0	-30	-30
3900	7	18	0	0	-30	-28
4000	7	18	0	0	-30	-29
4100	10	26	0	0	-29	-28
4200	7	12	0	0	-30	-29
4300	10	19	0	0	-29	-28
4400	7	26	0	0	-30	-29
4500	10	21	0	0	-29	-28
4600	7	13	0	0	-30	-29
4700	10	15	0	0	-29	-28
4800	7	16	0	0	-30	-29
4900	10	20	0	0	-29	-29
5000	7	23	0	0	-30	-28
5100	10	17	0	0	-29	-28
5200	7	13	0	0	-30	-29
5300	10	24	0	0	-29	-29
5400	7	18	0	0	-30	-29
5500	10	22	0	0	-29	-28
5600	7	19	0	0	-30	-29
5700	10	24	0	0	-29	-27
5800	7	15	0	0	-29	-28
5900	10	20	0	0	-29	-29
6000	7	16	0	0	-29	-28
6100	10	21	0	0	-29	-29
6200	7	13	0	0	-30	-29
6300	10	22	0	0	-29	-28
6400	7	19	0	0	-29	-29
6500	10	19	0	0	-29	-29
6600	7	17	0	0	-30	-29
6700	10	20	0	0	-29	-29
6800	7	20	0	0	-30	-29
6900	9	10	0	0	-29	-29
7000	7	22	0	0	-30	-29
7100	10	15	0	0	-29	-29
7200	6	10	0	0	-30	-29
7300	9	15	0	0	-29	-29
7400	7	16	0	0	-30	-29
7500	10	24	0	0	-29	-29
7600	7	14	0	0	-30	-29
7700	10	21	0	0	-29	-28
7800	7	24	0	0	-30	-29
7900	10	26	0	0	-29	-27
8000	7	16	0	0	-30	-29
8100	10	24	0	0	-29	-28
8200	7	24	0	0	-30	-29
8300	9	10	0	0	-29	-29
8400	7	26	0	0	-30	-29
8500	10	20	0	0	-29	-29
8600	7	18	0	0	-30	-29
8700	10	18	0	0	-29	-28
8800	15	28	0	0	-29	-29
8900	19	31	0	0	-29	-29
9000	15	29	0	0	-30	-29
9100	19	21	0	0	-29	-29
9200	22	26	0	0	-29	-27
9300	19	24	0	0	-29	-28
9400	21	28	0	0	-29	-28
9500	19	31	0	0	-29	-29
9600	21	30	0	0	-30	-30
9700	16	31	0	0	-30	-29
9800	21	23	0	0	-30	-28
9900	16	25	0	0	-30	-29
10000	22	30	0	0	-29	-29

Run 8
100	3	3	0	0	-32	-32
200	7	17	0	0	-30	-29
300	7	7	0	0	-30	-30
400	7	15	0	0	-30	-30
500	7	28	0	0	-30	-29
600	7	16	0	0	-30	-30
700	7	23	0	0	-30	-29
800	7	7	0	0	-30	-30
900	7	28	0	0	-30	-30
1000	7	21	0	0	-30	-29
1100	7	17	0	0	-30	-30
1200	7	16	0	0	-30	-30
1300	7	27	0	0	-30	-30
1400	7	22	0	0	-30	-30
1500	7	17	0	0	-30	-29
1600	7	16	0	0	-30	-29
1700	7	19	0	0	-30	-29
1800	7	21	0	0	-29	-29
1900	7	21	0	0	-29	-28
2000	7	17	0	0	-30	-30
2100	7	14	0	0	-30	-29
2200	7	15	0	0	-30	-30
2300	7	15	0	0	-30	-29
2400	7	11	0	0	-29	-29
2500	7	15	0	0	-30	-29
2600	7	23	0	0	-30	-30
2700	7	27	0	0	-30	-29
2800	7	17	0	0	-30	-29
2900	7	13	0	0	-30	-30
3000	7	14	0	0	-30	-30
3100	7	26	0	0	-30	-29
3200	7	17	0	0	-30	-29
3300	7	18	0	0	-30	-30
3400	7	21	0	0	-29	-29
3500	7	17	0	0	-30	-30
3600	7	17	0	0	-30	-30
3700	6	18	0	0	-30	-30
3800	7	14	0	0	-30	-29
3900	7	14	0	0	-30	-30
4000	7	19	0	0	-29	-29
4100	7	14	0	0	-30	-30
4200	7	20	0	0	-30	-30
4300	6	11	0	0	-30	-30
4400	5	13	0	0	-31	-30
4500	7	19	0	0	-30	-28
4600	5	11	0	0	-31	-30
4700	7	13	0	0	-30	-29
4800	5	12	0	0	-31	-30
4900	7	19	0	0	-30	-30
5000	5	26	0	0	-31	-30
5100	7	22	0	0	-30	-30
5200	5	16	0	0	-30	-30
5300	7	17	0	0	-30	-30
5400	5	22	0	0	-31	-30
5500	7	18	0	0	-30	-30
5600	5	16	0	0	-31	-30
5700	7	21	0	0	-30	-28
5800	5	25	0	0	-31	-30
5900	7	25	0	0	-30	-28
6000	5	16	0	0	-30	-30
6100	6	10	0	0	-30	-29
6200	5	21	0	0	-31	-30
6300	7	14	0	0	-30	-30
6400	5	7	0	0	-31	-30
6500	7	21	0	0	-30	-29
6600	5	19	0	0	-31	-30
6700	7	18	0	0	-30	-29
6800	5	18	0	0	-31	-30
6900	7	25	0	0	-30	-29
7000	5	9	0	0	-30	-30
7100	6	7	0	0	-30	-28
7200	5	19	0	0	-31	-28
7300	7	18	0	0	-30	-30
7400	5	14	0	0	-30	-30
7500	7	21	0	0	-30	-30
7600	5	13	0	0	-31	-30
7700	7	26	0	0	-30	-29
7800	5	17	0	0	-31	-30
7900	7	19	0	0	-30	-29
8000	5	16	0	0	-30	-30
8100	7	18	0	0	-30	-30
8200	5	21	0	0	-31	-30
8300	6	10	0	0	-30	-28
8400	5	17	0	0	-31	-30
8500	7	27	0	0	-30	-29
8600	5	16	0	0	-31	-30
8700	7	12	0	0	-30	-29
8800	5	8	0	0	-31	-30
8900	7	19	0	0	-30	-30
9000	5	16	0	0	-31	-30
9100	7	16	0	0	-30	-29
9200	5	16	0	0	-31	-30
9300	7	21	0	0	-30	-29
9400	5	17	0	0	-31	-30
9500	6	7	0	0	-30	-30
9600	5	17	0	0	-30	-29
9700	7	16	0	0	-30	-30
9800	5	10	0	0	-31	-30
9900	7	23	0	0	-30	-28
10000	5	22	0	0	-31	-30

Run 9
100	3	3	0	0	-32	-32
200	7	23	0	0	-30	-29
300	7	18	0	0	-30	-29
400	7	21	0	0	-30	-29
500	6	11	0	0	-30	-29
600	7	10	0	0	-30	-30
700	7	9	0	0	-30	-30
800	7	11	0	0	-30	-30
900	7	13	0	0	-30	-29
1000	7	23	0	0	-30	-30
1100	7	12	0	0	-30	-29
1200	12	24	0	0	-32	-30
1300	7	26	0	0	-30	-29
1400	12	29	0	0	-31	-30
1500	7	18	0	0	-30	-29
1600	12	28	0	0	-31	-30
1700	7	13	0	0	-30	-29
1800	12	26	0	0	-31	-30
1900	6	10	0	0	-30	-30
2000	8	15	0	0	-30	-28
2100	7	14	0	0	-30	-30
2200	8	17	0	0	-31	-30
2300	7	12	0	0	-30	-30
2400	8	16	0	0	-31	-30
2500	7	18	0	0	-30	-30
2600	8	15	0	0	-30	-30
2700	7	12	0	0	-30	-28
2800	8	19	0	0	-31	-30
2900	7	18	0	0	-30	-29
3000	8	23	0	0	-31	-30
3100	7	11	0	0	-30	-29
3200	7	14	0	0	-31	-30
3300	7	16	0	0	-30	-30
3400	7	13	0	0	-31	-30
3500	7	21	0	0	-30	-28
3600	8	19	0	0	-30	-30
3700	7	23	0	0	-30	-30
3800	8	16	0	0	-31	-30
3900	6	11	0	0	-30	-28
4000	8	18	0	0	-31	-30
4100	7	24	0	0	-30	-27
4200	8	21	0	0	-31	-30
4300	7	11	0	0	-30	-29
4400	8	12	0	0	-31	-30
4500	7	14	0	0	-30	-30
4600	8	18	0	0	-30	-30
4700	7	17	0	0	-30	-29
4800	8	18	0	0	-31	-30
4900	7	12	0	0	-30	-30
5000	8	13	0	0	-31	-30
5100	7	19	0	0	-30	-29
5200	8	22	0	0	-31	-30
5300	8	29	0	0	-31	-31
5400	8	16	0	0	-31	-31
5500	8	12	0	0	-30	-29
5600	8	28	0	0	-31	-31
5700	7	11	0	0	-31	-31
5800	8	19	0	0	-31	-30
5900	8	16	0	0	-31	-31
6000	8	21	0	0	-31	-29
6100	8	20	0	0	-30	-30
6200	8	15	0	0	-31	-31
6300	8	10	0	0	-31	-31
6400	8	17	0	0	-31	-31
6500	8	15	0	0	-31	-31
6600	8	28	0	0	-31	-28
6700	8	16	0	0	-31	-30
6800	8	24	0	0	-31	-29
6900	19	24	0	0	-31	-31
7000	8	20	0	0	-31	-31
7100	19	27	0	0	-31	-31
7200	8	20	0	0	-31	-30
7300	19	25	0	0	-30	-28
7400	8	20	0	0	-31	-30
7500	19	26	0	0	-31	-31
7600	8	20	0	0	-31	-31
7700	19	21	0	0	-31	-30
7800	8	21	0	0	-31	-30
7900	19	27	0	0	-30	-30
8000	8	21	0	0	-31	-31
8100	19	26	0	0	-31	-30
8200	8	20	0	0	-31	-31
8300	20	28	0	0	-31	-30
8400	8	20	0	0	-31	-31
8500	19	26	0	0	-31	-30
8600	8	24	0	0	-31	-30
8700	19	27	0	0	-31	-31
8800	8	20	0	0	-31	-30
8900	19	29	0	0	-30	-29
9000	8	20	0	0	-31	-29
9100	19	26	0	0	-31	-31
9200	3	20	0	0	-32	-31
9300	19	24	0	0	-31	-31
9400	3	20	0	0	-31	-31
9500	19	25	0	0	-31	-31
9600	3	23	0	0	-32	-31
9700	19	24	0	0	-31	-30
9800	3	20	0	0	-32	-31
9900	19	25	0	0	-31	-30
10000	3	20	0	0	-32	-31

Run 10
100	3	3	0	0	-32	-32
200	7	14	0	0	-30	-29
300	7	17	0	0	-30	-29
400	7	13	0	0	-30	-29
500	7	13	0	0	-30	-30
600	7	23	0	0	-30	-29
700	7	18	0	0	-30	-28
800	7	13	0	0	-30	-29
900	16	27	0	0	-29	-28
1000	7	26	0	0	-30	-30
1100	16	26	0	0	-30	-30
1200	7	22	0	0	-30	-29
1300	15	21	0	0	-29	-29
1400	7	16	0	0	-30	-29
1500	15	20	0	0	-30	-30
1600	7	16	0	0	-30	-30
1700	16	27	0	0	-29	-28
1800	7	23	0	0	-30	-29
1900	21	33	0	0	-29	-28
2000	7	22	0	0	-30	-29
2100	22	41	0	0	-29	-29
2200	7	22	0	0	-30	-29
2300	21	26	0	0	-29	-29
2400	7	22	0	0	-30	-29
2500	22	35	0	0	-29	-29
2600	7	22	0	0	-30	-29
2700	21	28	0	0	-29	-29
2800	7	22	0	0	-30	-28
2900	22	42	0	0	-29	-29
3000	7	22	0	0	-30	-29
3100	21	27	0	0	-29	-28
3200	7	22	0	0	-30	-29
3300	22	37	0	0	-29	-28
3400	7	22	0	0	-30	-29
3500	21	25	0	0	-29	-28
3600	7	22	0	0	-30	-29
3700	22	29	0	0	-29	-29
3800	7	22	0	0	-30	-29
3900	22	32	0	0	-28	-28
4000	7	22	0	0	-30	-29
4100	21	26	0	0	-29	-28
4200	7	26	0	0	-30	-28
4300	31	32	0	0	-28	-28
4400	7	32	0	0	-30	-28
4500	31	38	0	0	-28	-26
4600	7	32	0	0	-29	-28
4700	31	45	0	0	-28	-28
4800	7	32	0	0	-30	-28
4900	31	42	0	0	-28	-25
5000	7	32	0	0	-30	-28
5100	31	37	0	0	-28	-27
5200	7	32	0	0	-29	-28
5300	31	39	0	0	-28	-28
5400	7	32	0	0	-30	-28
5500	32	47	0	0	-28	-28
5600	7	32	0	0	-30	-28
5700	32	45	0	0	-28	-28
5800	7	32	0	0	-29	-28
5900	31	43	0	0	-28	-28
6000	7	32	0	0	-29	-28
6100	32	42	0	0	-28	-28
6200	7	32	0	0	-30	-28
6300	31	46	0	0	-28	-27
6400	7	32	0	0	-30	-28
6500	31	37	0	0	-28	-27
6600	7	32	0	0	-30	-28
6700	32	46	0	0	-28	-28
6800	7	32	0	0	-30	-28
6900	31	41	0	0	-28	-27
7000	7	32	0	0	-29	-28
7100	32	45	0	0	-28	-27
7200	7	32	0	0	-30	-28
7300	31	43	0	0	-28	-28
7400	7	32	0	0	-29	-28
7500	31	36	0	0	-28	-28
7600	7	32	0	0	-29	-28
7700	31	40	0	0	-28	-27
7800	7	32	0	0	-30	-28
7900	31	34	0	0	-28	-28
8000	7	32	0	0	-29	-28
8100	31	34	0	0	-28	-27
8200	7	32	0	0	-30	-28
8300	32	45	0	0	-28	-28
8400	7	35	0	0	-30	-29
8500	27	37	0	0	-29	-28
8600	7	28	0	0	-30	-29
8700	27	32	0	0	-29	-28
8800	7	28	0	0	-30	-29
8900	28	45	0	0	-29	-28
9000	7	28	0	0	-29	-28
9100	27	37	0	0	-29	-28
9200	7	28	0	0	-30	-29
9300	27	37	0	0	-28	-27
9400	7	28	0	0	-30	-29
9500	27	33	0	0	-29	-28
9600	7	28	0	0	-29	-28
9700	27	39	0	0	-28	-26
9800	7	28	0	0	-30	-29
9900	27	32	0	0	-28	-27
10000	7	22	0	0	-29	-27

Run 11
100	3	3	0	0	-32	-32
200	7	18	0	0	-30	-30
300	7	26	0	0	-30	-30
400	7	15	0	0	-30	-29
500	7	10	0	0	-30	-30
600	7	20	0	0	-30	-30
700	7	22	0	0	-30	-28
800	7	11	0	0	-30	-30
900	7	20	0	0	-30	-29
1000	7	16	0	0	-30	-29
1100	11	28	0	0	-30	-29
1200	7	28	0	0	-30	-29
1300	10	13	0	0	-30	-30
1400	7	19	0	0	-29	-29
1500	10	16	0	0	-29	-29
1600	7	22	0	0	-30	-29
1700	11	23	0	0	-30	-29
1800	7	12	0	0	-30	-30
1900	10	11	0	0	-30	-30
2000	7	16	0	0	-30	-30
2100	11	28	0	0	-30	-29
2200	7	19	0	0	-30	-29
2300	11	19	0	0	-30	-30
2400	7	14	0	0	-30	-29
2500	11	16	0	0	-30	-30
2600	6	11	0	0	-30	-30
2700	11	22	0	0	-30	-29
2800	7	21	0	0	-30	-29
2900	10	16	0	0	-30	-28
3000	7	21	0	0	-30	-30
3100	10	15	0	0	-30	-30
3200	7	23	0	0	-30	-30
3300	11	23	0	0	-30	-29
3400	7	11	0	0	-30	-30
3500	11	27	0	0	-30	-29
3600	7	19	0	0	-30	-28
3700	11	23	0	0	-30	-29
3800	7	19	0	0	-30	-30
3900	11	18	0	0	-30	-30
4000	7	18	0	0	-30	-29
4100	16	29	0	0	-30	-30
4200	7	17	0	0	-30	-30
4300	17	30	0	0	-30	-29
4400	7	17	0	0	-30	-30
4500	17	28	0	0	-30	-30
4600	7	26	0	0	-30	-29
4700	16	24	0	0	-30	-29
4800	7	23	0	0	-30	-30
4900	16	26	0	0	-30	-29
5000	7	17	0	0	-30	-30
5100	17	32	0	0	-30	-30
5200	7	22	0	0	-30	-30
5300	17	28	0	0	-30	-27
5400	7	19	0	0	-30	-27
5500	18	24	0	0	-27	-27
5600	7	20	0	0	-29	-27
5700	19	31	0	0	-27	-27
5800	7	22	0	0	-30	-27
5900	18	24	0	0	-27	-27
6000	7	19	0	0	-29	-27
6100	19	36	0	0	-27	-26
6200	7	27	0	0	-29	-27
6300	18	19	0	0	-27	-27
6400	7	19	0	0	-29	-27
6500	19	29	0	0	-27	-27
6600	7	22	0	0	-29	-27
6700	20	30	0	0	-27	-27
6800	7	21	0	0	-29	-27
6900	20	29	0	0	-27	-27
7000	7	28	0	0	-29	-27
7100	20	21	0	0	-27	-27
7200	7	21	0	0	-29	-27
7300	20	29	0	0	-27	-27
7400	7	21	0	0	-29	-27
7500	21	27	0	0	-27	-26
7600	7	22	0	0	-30	-27
7700	21	31	0	0	-27	-26
7800	7	21	0	0	-30	-27
7900	20	31	0	0	-27	-27
8000	7	21	0	0	-29	-27
8100	21	34	0	0	-27	-26
8200	7	21	0	0	-30	-27
8300	21	33	0	0	-27	-27
8400	7	21	0	0	-29	-27
8500	21	26	0	0	-27	-27
8600	15	24	0	0	-30	-27
8700	21	31	0	0	-27	-27
8800	15	21	0	0	-31	-27
8900	20	21	0	0	-27	-27
9000	15	26	0	0	-30	-27
9100	21	30	0	0	-27	-27
9200	15	30	0	0	-30	-29
9300	28	40	0	0	-29	-28
9400	15	35	0	0	-31	-29
9500	28	36	0	0	-28	-28
9600	17	29	0	0	-31	-29
9700	28	29	0	0	-29	-28
9800	22	29	0	0	-32	-29
9900	28	33	0	0	-29	-29
10000	17	29	0	0	-30	-29

Run 12
100	3	3	0	0	-32	-32
200	7	13	0	0	-30	-29
300	7	22	0	0	-30	-30
400	7	21	0	0	-30	-30
500	7	18	0	0	-30	-30
600	6	12	0	0	-30	-30
700	7	20	0	0	-30	-29
800	7	16	0	0	-30	-30
900	7	17	0	0	-30	-30
1000	7	23	0	0	-29	-29
1100	7	13	0	0	-30	-29
1200	7	11	0	0	-29	-27
1300	7	16	0	0	-29	-27
1400	9	22	0	0	-27	-27
1500	7	21	0	0	-29	-27
1600	9	19	0	0	-27	-26
1700	7	12	0	0	-30	-27
1800	9	21	0	0	-27	-27
1900	7	21	0	0	-29	-27
2000	9	20	0	0	-27	-27
2100	7	16	0	0	-30	-27
2200	9	20	0	0	-27	-27
2300	7	11	0	0	-30	-27
2400	9	16	0	0	-27	-27
2500	7	14	0	0	-29	-27
2600	9	19	0	0	-27	-26
2700	7	27	0	0	-30	-27
2800	9	20	0	0	-27	-27
2900	7	21	0	0	-29	-27
3000	9	16	0	0	-27	-25
3100	7	13	0	0	-29	-27
3200	8	12	0	0	-27	-27
3300	7	19	0	0	-29	-27
3400	9	15	0	0	-27	-26
3500	7	9	0	0	-29	-27
3600	9	18	0	0	-27	-27
3700	9	22	0	0	-30	-30
3800	12	23	0	0	-31	-30
3900	9	21	0	0	-30	-30
4000	12	21	0	0	-31	-30
4100	9	19	0	0	-30	-30
4200	12	22	0	0	-32	-30
4300	9	18	0	0	-30	-30
4400	12	28	0	0	-31	-29
4500	9	28	0	0	-30	-29
4600	11	14	0	0	-32	-30
4700	9	28	0	0	-30	-29
4800	12	19	0	0	-32	-30
4900	9	13	0	0	-30	-29
5000	12	18	0	0	-31	-30
5100	9	13	0	0	-30	-28
5200	12	19	0	0	-31	-30
5300	9	23	0	0	-30	-30
5400	12	19	0	0	-31	-30
5500	9	20	0	0	-30	-29
5600	12	23	0	0	-31	-30
5700	9	15	0	0	-30	-30
5800	12	28	0	0	-31	-28
5900	9	17	0	0	-30	-29
6000	12	20	0	0	-31	-29
6100	9	19	0	0	-30	-29
6200	12	18	0	0	-31	-29
6300	6	15	0	0	-31	-31
6400	12	30	0	0	-31	-31
6500	6	17	0	0	-31	-29
6600	10	26	0	0	-33	-31
6700	6	11	0	0	-31	-29
6800	10	21	0	0	-32	-31
6900	6	17	0	0	-31	-30
7000	10	14	0	0	-32	-31
7100	6	20	0	0	-31	-30
7200	10	17	0	0	-33	-31
7300	6	17	0	0	-31	-30
7400	10	20	0	0	-32	-31
7500	6	11	0	0	-31	-31
7600	10	22	0	0	-32	-31
7700	5	12	0	0	-31	-31
7800	10	19	0	0	-33	-31
7900	6	17	0	0	-31	-31
8000	15	23	0	0	-32	-31
8100	6	15	0	0	-31	-30
8200	15	30	0	0	-32	-31
8300	6	18	0	0	-31	-29
8400	15	27	0	0	-33	-31
8500	6	15	0	0	-31	-29
8600	15	28	0	0	-32	-30
8700	6	15	0	0	-31	-31
8800	14	22	0	0	-32	-30
8900	6	15	0	0	-31	-31
9000	14	25	0	0	-32	-31
9100	6	21	0	0	-31	-31
9200	15	24	0	0	-32	-31
9300	6	15	0	0	-31	-30
9400	15	26	0	0	-32	-30
9500	6	26	0	0	-31	-31
9600	15	24	0	0	-32	-31
9700	6	15	0	0	-31	-30
9800	14	19	0	0	-33	-31
9900	6	15	0	0	-31	-29
10000	14	21	0	0	-32	-31

Run 13
100	3	3	0	0	-32	-32
200	7	12	0	0	-30	-30
300	7	14	0	0	-30	-30
400	7	15	0	0	-30	-30
500	7	12	0	0	-30	-30
600	7	18	0	0	-30	-30
700	7	16	0	0	-29	-28
800	7	16	0	0	-30	-30
900	7	22	0	0	-30	-29
1000	7	12	0	0	-30	-29
1100	7	18	0	0	-29	-29
1200	7	18	0	0	-30	-30
1300	7	17	0	0	-30	-29
1400	7	23	0	0	-30	-30
1500	7	28	0	0	-30	-30
1600	7	18	0	0	-30	-29
1700	7	15	0	0	-30	-30
1800	7	23	0	0	-30	-29
1900	7	24	0	0	-30	-29
2000	7	27	0	0	-30	-29
2100	7	17	0	0	-30	-28
2200	7	16	0	0	-30	-30
2300	7	23	0	0	-30	-30
2400	7	19	0	0	-30	-30
2500	7	17	0	0	-30	-29
2600	7	26	0	0	-30	-30
2700	7	12	0	0	-30	-28
2800	7	18	0	0	-30	-29
2900	7	17	0	0	-30	-30
3000	7	16	0	0	-30	-28
3100	7	18	0	0	-30	-30
3200	7	11	0	0	-30	-29
3300	7	21	0	0	-30	-30
3400	7	15	0	0	-30	-29
3500	7	22	0	0	-30	-28
3600	7	17	0	0	-29	-28
3700	7	21	0	0	-30	-29
3800	7	15	0	0	-30	-30
3900	7	21	0	0	-30	-30
4000	7	27	0	0	-30	-30
4100	7	18	0	0	-30	-30
4200	7	18	0	0	-30	-29
4300	7	21	0	0	-30	-29
4400	7	16	0	0	-29	-27
4500	7	23	0	0	-30	-30
4600	7	26	0	0	-30	-29
4700	7	21	0	0	-30	-30
4800	7	23	0	0	-30	-30
4900	7	18	0	0	-30	-29
5000	7	19	0	0	-30	-30
5100	7	18	0	0	-30	-29
5200	7	17	0	0	-30	-30
5300	6	7	0	0	-30	-30
5400	7	20	0	0	-30	-30
5500	7	15	0	0	-29	-27
5600	7	14	0	0	-30	-30
5700	7	21	0	0	-30	-29
5800	7	14	0	0	-29	-29
5900	7	17	0	0	-30	-30
6000	7	21	0	0	-29	-29
6100	7	16	0	0	-30	-30
6200	7	16	0	0	-30	-30
6300	7	24	0	0	-30	-30
6400	7	17	0	0	-30	-30
6500	7	21	0	0	-30	-29
6600	14	25	0	0	-30	-30
6700	7	16	0	0	-30	-30
6800	14	23	0	0	-30	-30
6900	7	21	0	0	-29	-28
7000	14	29	0	0	-31	-30
7100	7	23	0	0	-30	-29
7200	14	25	0	0	-31	-30
7300	7	25	0	0	-30	-29
7400	14	29	0	0	-31	-30
7500	7	23	0	0	-30	-30
7600	14	31	0	0	-31	-30
7700	7	19	0	0	-30	-29
7800	14	26	0	0	-30	-29
7900	7	14	0	0	-30	-29
8000	14	25	0	0	-30	-29
8100	7	16	0	0	-30	-29
8200	13	14	0	0	-31	-30
8300	7	14	0	0	-30	-29
8400	13	20	0	0	-30	-30
8500	7	24	0	0	-30	-29
8600	14	23	0	0	-30	-30
8700	7	23	0	0	-30	-30
8800	14	26	0	0	-31	-30
8900	7	14	0	0	-30	-28
9000	13	18	0	0	-31	-30
9100	7	16	0	0	-30	-30
9200	14	34	0	0	-30	-30
9300	25	38	0	0	-30	-30
9400	14	25	0	0	-31	-30
9500	25	33	0	0	-29	-29
9600	14	26	0	0	-30	-30
9700	25	33	0	0	-30	-29
9800	14	26	0	0	-30	-30
9900	26	32	0	0	-29	-27
10000	14	26	0	0	-31	-30

Run 14
100	3	3	0	0	-32	-32
200	7	12	0	0	-30	-28
300	7	16	0	0	-30	-30
400	7	19	0	0	-30	-30
500	7	17	0	0	-30	-30
600	7	16	0	0	-30	-30
700	7	12	0	0	-30	-30
800	7	17	0	0	-30	-30
900	7	18	0	0	-30	-29
1000	7	25	0	0	-30	-30
1100	7	15	0	0	-30	-29
1200	7	19	0	0	-30	-28
1300	7	12	0	0	-30	-28
1400	7	19	0	0	-30	-29
1500	7	21	0	0	-30	-29
1600	7	19	0	0	-30	-30
1700	7	18	0	0	-30	-30
1800	7	16	0	0	-30	-29
1900	7	14	0	0	-30	-29
2000	6	11	0	0	-30	-30
2100	7	21	0	0	-30	-30
2200	6	7	0	0	-30	-30
2300	7	23	0	0	-30	-28
2400	7	15	0	0	-29	-28
2500	7	27	0	0	-30	-30
2600	7	28	0	0	-30	-30
2700	7	15	0	0	-30	-29
2800	7	18	0	0	-30	-30
2900	7	14	0	0	-30	-29
3000	6	10	0	0	-30	-30
3100	7	16	0	0	-30	-29
3200	5	14	0	0	-31	-30
3300	7	21	0	0	-30	-29
3400	5	13	0	0	-31	-30
3500	7	13	0	0	-30	-29
3600	5	13	0	0	-31	-30
3700	7	15	0	0	-30	-29
3800	5	7	0	0	-30	-30
3900	7	13	0	0	-30	-29
4000	5	21	0	0	-31	-30
4100	5	11	0	0	-31	-30
4200	5	18	0	0	-31	-30
4300	5	19	0	0	-31	-30
4400	5	24	0	0	-31	-31
4500	5	9	0	0	-30	-30
4600	5	13	0	0	-31	-31
4700	5	16	0	0	-31	-31
4800	5	18	0	0	-31	-31
4900	5	16	0	0	-31	-30
5000	5	10	0	0	-30	-30
5100	5	13	0	0	-31	-31
5200	5	11	0	0	-31	-29
5300	5	17	0	0	-31	-31
5400	4	6	0	0	-31	-30
5500	5	7	0	0	-31	-31
5600	5	15	0	0	-31	-30
5700	5	9	0	0	-31	-30
5800	5	13	0	0	-31	-31
5900	8	17	0	0	-32	-31
6000	5	21	0	0	-31	-31
6100	9	22	0	0	-31	-31
6200	5	16	0	0	-31	-31
6300	9	23	0	0	-31	-30
6400	5	19	0	0	-31	-30
6500	9	19	0	0	-32	-31
6600	5	9	0	0	-31	-31
6700	9	15	0	0	-31	-30
6800	5	20	0	0	-31	-29
6900	9	19	0	0	-32	-31
7000	5	9	0	0	-31	-31
7100	8	12	0	0	-31	-30
7200	5	19	0	0	-31	-30
7300	9	15	0	0	-32	-32
7400	6	17	0	0	-33	-32
7500	9	15	0	0	-32	-31
7600	6	22	0	0	-33	-31
7700	9	21	0	0	-32	-32
7800	6	12	0	0	-32	-30
7900	9	18	0	0	-32	-32
8000	6	14	0	0	-32	-32
8100	9	14	0	0	-32	-31
8200	6	18	0	0	-32	-32
8300	9	17	0	0	-31	-31
8400	6	17	0	0	-33	-32
8500	17	27	0	0	-31	-30
8600	6	27	0	0	-32	-31
8700	16	24	0	0	-32	-32
8800	6	17	0	0	-33	-31
8900	17	31	0	0	-32	-31
9000	6	17	0	0	-32	-31
9100	16	23	0	0	-32	-31
9200	6	17	0	0	-32	-32
9300	16	24	0	0	-31	-30
9400	6	11	0	0	-32	-32
9500	11	21	0	0	-32	-32
9600	6	17	0	0	-32	-31
9700	10	17	0	0	-31	-31
9800	6	17	0	0	-32	-32
9900	10	27	0	0	-32	-31
10000	6	23	0	0	-32	-31

Run 15
100	3	3	0	0	-32	-32
200	7	17	0	0	-30	-29
300	7	16	0	0	-30	-29
400	7	16	0	0	-30	-30
500	7	18	0	0	-30	-29
600	7	23	0	0	-30	-29
700	7	17	0	0	-30	-29
800	7	11	0	0	-30	-30
900	7	20	0	0	-30	-29
1000	7	18	0	0	-29	-27
1100	7	12	0	0	-30	-30
1200	7	21	0	0	-30	-30
1300	7	19	0	0	-29	-29
1400	7	17	0	0	-30	-29
1500	7	28	0	0	-30	-30
1600	6	8	0	0	-30	-29
1700	7	18	0	0	-30	-30
1800	7	19	0	0	-30	-29
1900	7	14	0	0	-30	-30
2000	7	16	0	0	-30	-30
2100	6	12	0	0	-30	-30
2200	7	17	0	0	-30	-30
2300	7	18	0	0	-30	-29
2400	7	18	0	0	-30	-29
2500	7	22	0	0	-30	-29
2600	7	20	0	0	-30	-29
2700	7	14	0	0	-30	-30
2800	4	12	0	0	-31	-30
2900	7	27	0	0	-30	-28
3000	5	10	0	0	-31	-30
3100	7	15	0	0	-30	-30
3200	5	16	0	0	-31	-30
3300	7	10	0	0	-30	-30
3400	5	18	0	0	-32	-30
3500	7	17	0	0	-30	-29
3600	5	14	0	0	-32	-30
3700	7	15	0	0	-30	-29
3800	5	13	0	0	-32	-30
3900	7	17	0	0	-30	-29
4000	5	13	0	0	-32	-30
4100	7	27	0	0	-30	-29
4200	5	12	0	0	-32	-30
4300	7	14	0	0	-30	-29
4400	4	9	0	0	-32	-30
4500	7	21	0	0	-30	-30
4600	5	11	0	0	-31	-30
4700	7	12	0	0	-30	-28
4800	5	12	0	0	-32	-30
4900	7	18	0	0	-30	-30
5000	4	12	0	0	-32	-30
5100	7	13	0	0	-30	-30
5200	5	18	0	0	-32	-30
5300	7	26	0	0	-30	-30
5400	4	7	0	0	-32	-30
5500	7	17	0	0	-30	-29
5600	5	22	0	0	-31	-30
5700	7	16	0	0	-30	-30
5800	5	13	0	0	-32	-30
5900	7	16	0	0	-30	-29
6000	5	22	0	0	-31	-30
6100	7	21	0	0	-30	-30
6200	5	23	0	0	-32	-30
6300	7	23	0	0	-30	-30
6400	5	14	0	0	-31	-30
6500	7	17	0	0	-30	-28
6600	5	16	0	0	-31	-30
6700	6	7	0	0	-30	-30
6800	5	16	0	0	-32	-30
6900	6	8	0	0	-30	-29
7000	5	15	0	0	-32	-30
7100	6	10	0	0	-30	-28
7200	5	13	0	0	-31	-30
7300	7	14	0	0	-30	-30
7400	5	16	0	0	-31	-30
7500	7	21	0	0	-30	-30
7600	5	9	0	0	-31	-30
7700	7	10	0	0	-30	-30
7800	5	14	0	0	-31	-30
7900	7	19	0	0	-30	-30
8000	4	14	0	0	-32	-30
8100	6	9	0	0	-30	-30
8200	5	22	0	0	-32	-30
8300	7	27	0	0	-30	-30
8400	5	9	0	0	-32	-30
8500	7	9	0	0	-30	-30
8600	4	7	0	0	-31	-30
8700	7	18	0	0	-30	-30
8800	5	21	0	0	-31	-30
8900	7	20	0	0	-30	-30
9000	5	23	0	0	-32	-30
9100	7	14	0	0	-30	-30
9200	5	10	0	0	-31	-30
9300	7	12	0	0	-30	-29
9400	5	15	0	0	-31	-30
9500	7	25	0	0	-29	-29
9600	5	14	0	0	-32	-30
9700	7	15	0	0	-30	-30
9800	4	7	0	0	-32	-30
9900	7	19	0	0	-30	-29
10000	5	18	0	0	-32	-30

Run 16
100	3	3	0	0	-32	-32
200	7	19	0	0	-30	-29
300	6	11	0	0	-30	-30
400	7	18	0	0	-30	-30
500	12	25	0	0	-30	-29
600	7	12	0	0	-30	-29
700	12	18	0	0	-30	-29
800	7	22	0	0	-30	-30
900	12	18	0	0	-30	-30
1000	7	12	0	0	-30	-30
1100	12	21	0	0	-30	-30
1200	7	24	0	0	-29	-28
1300	18	28	0	0	-31	-30
1400	7	18	0	0	-30	-30
1500	17	18	0	0	-31	-30
1600	7	18	0	0	-30	-29
1700	18	26	0	0	-31	-29
1800	7	18	0	0	-30	-30
1900	18	29	0	0	-31	-30
2000	7	20	0	0	-30	-30
2100	18	28	0	0	-30	-29
2200	7	21	0	0	-30	-30
2300	18	32	0	0	-30	-29
2400	7	18	0	0	-30	-29
2500	17	25	0	0	-31	-30
2600	7	18	0	0	-30	-28
2700	17	23	0	0	-31	-30
2800	7	21	0	0	-30	-29
2900	18	27	0	0	-31	-30
3000	7	18	0	0	-30	-29
3100	18	29	0	0	-31	-30
3200	7	22	0	0	-30	-30
3300	23	42	0	0	-30	-29
3400	7	24	0	0	-30	-29
3500	23	28	0	0	-31	-30
3600	7	24	0	0	-30	-30
3700	23	24	0	0	-30	-30
3800	7	24	0	0	-30	-29
3900	24	36	0	0	-31	-30
4000	7	24	0	0	-30	-30
4100	23	34	0	0	-31	-30
4200	7	24	0	0	-30	-28
4300	24	38	0	0	-31	-30
4400	7	24	0	0	-30	-30
4500	23	33	0	0	-30	-30
4600	7	26	0	0	-30	-30
4700	23	26	0	0	-31	-29
4800	7	24	0	0	-30	-29
4900	23	34	0	0	-31	-30
5000	7	24	0	0	-30	-30
5100	23	30	0	0	-30	-30
5200	7	24	0	0	-30	-27
5300	23	27	0	0	-30	-30
5400	7	24	0	0	-30	-30
5500	23	40	0	0	-30	-28
5600	7	24	0	0	-30	-30
5700	23	34	0	0	-30	-30
5800	7	24	0	0	-30	-29
5900	24	42	0	0	-30	-30
6000	7	24	0	0	-30	-30
6100	24	37	0	0	-31	-30
6200	7	32	0	0	-30	-29
6300	28	43	0	0	-30	-29
6400	7	29	0	0	-30	-28
6500	28	39	0	0	-29	-28
6600	7	29	0	0	-30	-30
6700	28	34	0	0	-30	-27
6800	7	29	0	0	-30	-30
6900	29	46	0	0	-29	-28
7000	7	29	0	0	-29	-28
7100	28	41	0	0	-30	-29
7200	7	29	0	0	-30	-29
7300	28	39	0	0	-29	-29
7400	7	29	0	0	-30	-30
7500	29	43	0	0	-30	-29
7600	7	29	0	0	-30	-29
7700	28	34	0	0	-29	-29
7800	7	29	0	0	-30	-29
7900	29	40	0	0	-30	-29
8000	8	29	0	0	-31	-28
8100	28	34	0	0	-29	-28
8200	8	29	0	0	-31	-30
8300	28	34	0	0	-30	-29
8400	8	29	0	0	-30	-30
8500	29	40	0	0	-30	-28
8600	3	29	0	0	-31	-30
8700	28	35	0	0	-30	-29
8800	7	29	0	0	-32	-30
8900	28	38	0	0	-30	-29
9000	7	29	0	0	-32	-30
9100	28	34	0	0	-30	-30
9200	7	29	0	0	-32	-30
9300	28	35	0	0	-30	-30
9400	7	29	0	0	-32	-30
9500	29	43	0	0	-29	-28
9600	7	29	0	0	-32	-30
9700	29	44	0	0	-30	-27
9800	7	29	0	0	-32	-30
9900	28	38	0	0	-30	-29
10000	7	29	0	0	-32	-30

Run 17
100	3	3	0	0	-32	-32
200	7	18	0	0	-30	-29
300	6	10	0	0	-30	-30
400	7	16	0	0	-29	-28
500	7	27	0	0	-30	-29
600	7	15	0	0	-30	-29
700	6	7	0	0	-30	-30
800	7	17	0	0	-30	-30
900	7	18	0	0	-30	-30
1000	7	12	0	0	-30	-29
1100	7	13	0	0	-30	-28
1200	7	18	0	0	-29	-28
1300	7	16	0	0	-30	-30
1400	7	28	0	0	-30	-29
1500	7	21	0	0	-30	-30
1600	7	26	0	0	-30	-29
1700	7	23	0	0	-30	-30
1800	7	23	0	0	-30	-30
1900	7	18	0	0	-30	-30
2000	7	14	0	0	-30	-30
2100	7	21	0	0	-30	-30
2200	7	14	0	0	-30	-30
2300	7	16	0	0	-30	-30
2400	7	25	0	0	-30	-30
2500	7	18	0	0	-30	-29
2600	7	21	0	0	-29	-28
2700	7	19	0	0	-30	-30
2800	7	18	0	0	-30	-30
2900	7	22	0	0	-30	-30
3000	7	18	0	0	-30	-30
3100	7	13	0	0	-30	-30
3200	7	21	0	0	-30	-30
3300	7	21	0	0	-30	-30
3400	20	25	0	0	-29	-28
3500	7	21	0	0	-30	-29
3600	20	30	0	0	-30	-29
3700	7	22	0	0	-30	-29
3800	21	38	0	0	-29	-29
3900	7	25	0	0	-29	-28
4000	20	28	0	0	-30	-29
4100	7	25	0	0	-30	-29
4200	21	36	0	0	-30	-30
4300	8	21	0	0	-31	-30
4400	20	30	0	0	-30	-29
4500	8	24	0	0	-31	-30
4600	20	21	0	0	-30	-29
4700	8	27	0	0	-31	-30
4800	21	31	0	0	-30	-29
4900	8	21	0	0	-31	-30
5000	20	26	0	0	-30	-29
5100	8	21	0	0	-31	-30
5200	20	36	0	0	-30	-30
5300	8	21	0	0	-31	-30
5400	21	30	0	0	-30	-29
5500	8	21	0	0	-31	-29
5600	21	36	0	0	-30	-30
5700	8	21	0	0	-31	-30
5800	21	34	0	0	-29	-28
5900	8	24	0	0	-31	-30
6000	20	28	0	0	-30	-29
6100	8	21	0	0	-30	-30
6200	20	25	0	0	-30	-29
6300	8	21	0	0	-31	-30
6400	21	32	0	0	-29	-28
6500	8	32	0	0	-31	-30
6600	31	44	0	0	-30	-30
6700	8	31	0	0	-31	-30
6800	30	37	0	0	-29	-29
6900	8	31	0	0	-31	-30
7000	30	39	0	0	-30	-29
7100	8	31	0	0	-31	-30
7200	30	39	0	0	-30	-30
7300	8	31	0	0	-31	-30
7400	31	40	0	0	-30	-30
7500	8	31	0	0	-31	-30
7600	30	39	0	0	-30	-30
7700	8	31	0	0	-31	-30
7800	30	35	0	0	-29	-28
7900	8	31	0	0	-31	-30
8000	30	38	0	0	-30	-29
8100	8	31	0	0	-31	-30
8200	30	48	0	0	-30	-30
8300	8	31	0	0	-31	-30
8400	30	35	0	0	-30	-29
8500	8	31	0	0	-31	-30
8600	30	31	0	0	-30	-28
8700	8	31	0	0	-30	-30
8800	30	38	0	0	-30	-29
8900	8	31	0	0	-31	-30
9000	30	44	0	0	-29	-29
9100	8	31	0	0	-31	-30
9200	31	44	0	0	-30	-29
9300	15	31	0	0	-31	-30
9400	30	34	0	0	-30	-28
9500	15	31	0	0	-32	-30
9600	30	38	0	0	-30	-30
9700	15	31	0	0	-32	-30
9800	31	41	0	0	-30	-30
9900	15	31	0	0	-31	-30
10000	31	41	0	0	-30	-28

Run 18
100	3	3	0	0	-32	-32
200	6	7	0	0	-30	-30
300	7	24	0	0	-30	-29
400	7	23	0	0	-30	-30
500	7	19	0	0	-29	-29
600	7	23	0	0	-30	-30
700	18	32	0	0	-30	-28
800	7	18	0	0	-30	-29
900	18	34	0	0	-31	-30
1000	7	18	0	0	-30	-30
1100	18	38	0	0	-31	-30
1200	7	18	0	0	-30	-29
1300	18	37	0	0	-31	-30
1400	7	26	0	0	-30	-29
1500	18	28	0	0	-30	-29
1600	7	18	0	0	-30	-29
1700	18	27	0	0	-31	-30
1800	7	18	0	0	-30	-30
1900	17	24	0	0	-30	-29
2000	11	19	0	0	-30	-29
2100	18	36	0	0	-31	-30
2200	11	23	0	0	-30	-30
2300	17	18	0	0	-31	-30
2400	11	20	0	0	-30	-29
2500	15	24	0	0	-32	-30
2600	11	16	0	0	-30	-29
2700	16	23	0	0	-32	-30
2800	11	29	0	0	-30	-29
2900	15	25	0	0	-32	-30
3000	10	16	0	0	-30	-30
3100	15	20	0	0	-32	-30
3200	11	31	0	0	-30	-30
3300	15	19	0	0	-31	-30
3400	11	20	0	0	-30	-29
3500	16	29	0	0	-32	-30
3600	11	16	0	0	-30	-29
3700	16	27	0	0	-31	-30
3800	11	21	0	0	-30	-27
3900	15	20	0	0	-31	-30
4000	11	24	0	0	-30	-29
4100	16	29	0	0	-32	-30
4200	10	17	0	0	-30	-30
4300	3	19	0	0	-31	-30
4400	11	27	0	0	-30	-29
4500	3	17	0	0	-32	-32
4600	15	26	0	0	-32	-31
4700	3	16	0	0	-32	-31
4800	16	27	0	0	-31	-30
4900	3	19	0	0	-32	-30
5000	15	28	0	0	-32	-32
5100	3	19	0	0	-32	-32
5200	16	30	0	0	-32	-30
5300	3	16	0	0	-32	-31
5400	15	18	0	0	-31	-31
5500	3	16	0	0	-32	-32
5600	16	36	0	0	-31	-31
5700	3	16	0	0	-32	-32
5800	15	24	0	0	-31	-30
5900	3	16	0	0	-31	-31
6000	15	19	0	0	-31	-31
6100	3	19	0	0	-32	-32
6200	15	20	0	0	-32	-32
6300	3	16	0	0	-32	-32
6400	15	22	0	0	-31	-30
6500	3	16	0	0	-32	-30
6600	16	32	0	0	-32	-32
6700	3	22	0	0	-32	-31
6800	16	32	0	0	-31	-30
6900	3	16	0	0	-32	-32
7000	16	36	0	0	-31	-30
7100	3	16	0	0	-32	-31
7200	15	19	0	0	-32	-31
7300	3	23	0	0	-32	-31
7400	16	33	0	0	-32	-31
7500	3	20	0	0	-32	-32
7600	16	30	0	0	-32	-30
7700	3	16	0	0	-32	-30
7800	15	23	0	0	-31	-31
7900	3	16	0	0	-32	-32
8000	16	37	0	0	-32	-30
8100	3	23	0	0	-32	-32
8200	16	30	0	0	-32	-31
8300	3	24	0	0	-32	-30
8400	15	26	0	0	-31	-31
8500	3	16	0	0	-32	-32
8600	15	19	0	0	-31	-31
8700	3	12	0	0	-32	-31
8800	8	26	0	0	-31	-30
8900	3	9	0	0	-32	-31
9000	8	17	0	0	-31	-31
9100	3	13	0	0	-32	-31
9200	8	20	0	0	-31	-31
9300	3	9	0	0	-32	-31
9400	8	12	0	0	-31	-30
9500	6	9	0	0	-31	-31
9600	8	22	0	0	-31	-30
9700	7	11	0	0	-31	-31
9800	8	18	0	0	-30	-30
9900	7	19	0	0	-31	-30
10000	8	23	0	0	-31	-31

Run 19
100	3	3	0	0	-32	-32
200	7	15	0	0	-30	-29
300	7	13	0	0	-30	-29
400	17	35	0	0	-29	-29
500	7	17	0	0	-30	-29
600	17	26	0	0	-29	-26
700	7	17	0	0	-30	-29
800	17	32	0	0	-29	-28
900	7	17	0	0	-30	-29
1000	17	32	0	0	-29	-28
1100	7	25	0	0	-30	-29
1200	16	30	0	0	-29	-29
1300	7	17	0	0	-30	-29
1400	17	29	0	0	-29	-29
1500	7	18	0	0	-29	-29
1600	17	28	0	0	-29	-29
1700	7	17	0	0	-29	-28
1800	16	23	0	0	-29	-29
1900	7	17	0	0	-30	-29
2000	16	17	0	0	-29	-29
2100	7	19	0	0	-30	-29
2200	17	29	0	0	-29	-27
2300	12	18	0	0	-29	-27
2400	16	28	0	0	-29	-27
2500	12	29	0	0	-29	-29
2600	17	26	0	0	-29	-29
2700	12	23	0	0	-29	-28
2800	17	33	0	0	-29	-29
2900	12	21	0	0	-29	-29
3000	17	27	0	0	-29	-29
3100	12	33	0	0	-29	-28
3200	17	27	0	0	-29	-28
3300	12	17	0	0	-29	-28
3400	17	26	0	0	-29	-29
3500	12	22	0	0	-29	-29
3600	17	23	0	0	-29	-28
3700	12	23	0	0	-29	-29
3800	17	22	0	0	-29	-28
3900	12	18	0	0	-29	-29
4000	17	28	0	0	-29	-29
4100	12	19	0	0	-28	-27
4200	16	21	0	0	-29	-29
4300	12	17	0	0	-29	-29
4400	17	26	0	0	-29	-28
4500	12	17	0	0	-29	-29
4600	16	20	0	0	-29	-29
4700	12	17	0	0	-29	-28
4800	16	22	0	0	-29	-29
4900	12	20	0	0	-29	-28
5000	17	22	0	0	-29	-29
5100	12	19	0	0	-29	-29
5200	17	28	0	0	-29	-28
5300	12	18	0	0	-29	-29
5400	17	22	0	0	-29	-28
5500	12	24	0	0	-29	-27
5600	16	19	0	0	-28	-26
5700	12	18	0	0	-29	-28
5800	17	26	0	0	-29	-28
5900	12	20	0	0	-29	-29
6000	17	23	0	0	-29	-29
6100	19	33	0	0	-29	-29
6200	17	19	0	0	-29	-29
6300	19	29	0	0	-29	-29
6400	17	24	0	0	-29	-28
6500	19	25	0	0	-29	-27
6600	17	24	0	0	-29	-28
6700	19	33	0	0	-29	-29
6800	17	31	0	0	-29	-27
6900	19	23	0	0	-29	-29
7000	17	29	0	0	-29	-26
7100	19	28	0	0	-29	-28
7200	17	23	0	0	-29	-28
7300	18	24	0	0	-29	-29
7400	17	28	0	0	-29	-29
7500	19	22	0	0	-29	-29
7600	17	25	0	0	-29	-29
7700	18	19	0	0	-29	-29
7800	17	27	0	0	-29	-29
7900	19	24	0	0	-29	-29
8000	17	29	0	0	-29	-28
8100	19	28	0	0	-29	-28
8200	17	21	0	0	-28	-27
8300	19	29	0	0	-29	-29
8400	16	19	0	0	-29	-29
8500	19	33	0	0	-29	-29
8600	17	37	0	0	-29	-28
8700	19	28	0	0	-29	-29
8800	17	23	0	0	-28	-28
8900	19	34	0	0	-29	-28
9000	17	29	0	0	-29	-28
9100	19	28	0	0	-29	-29
9200	17	23	0	0	-29	-29
9300	19	29	0	0	-29	-28
9400	17	25	0	0	-29	-29
9500	19	26	0	0	-28	-28
9600	16	19	0	0	-29	-29
9700	18	23	0	0	-29	-28
9800	17	34	0	0	-29	-28
9900	19	27	0	0	-29	-29
10000	17	37	0	0	-29	-29

Run 20
100	3	3	0	0	-32	-32
200	7	21	0	0	-30	-28
300	7	21	0	0	-30	-29
400	7	7	0	0	-30	-30
500	7	13	0	0	-30	-29
600	7	23	0	0	-30	-28
700	7	23	0	0	-30	-29
800	7	14	0	0	-30	-30
900	7	13	0	0	-30	-28
1000	7	16	0	0	-30	-30
1100	7	13	0	0	-30	-28
1200	7	16	0	2	-30	-29
1300	7	23	0	0	-30	-28
1400	7	19	0	0	-30	-30
1500	7	20	0	0	-30	-29
1600	7	16	0	0	-30	-29
1700	7	23	0	0	-30	-30
1800	7	28	0	0	-30	-29
1900	7	15	0	0	-29	-29
2000	7	16	0	0	-29	-29
2100	7	18	0	0	-30	-30
2200	7	21	0	0	-30	-29
2300	7	19	0	0	-30	-29
2400	7	14	0	0	-30	-29
2500	7	11	0	0	-30	-29
2600	7	14	0	0	-30	-29
2700	7	28	0	0	-30	-30
2800	7	16	0	0	-30	-29
2900	7	18	0	0	-30	-29
3000	7	27	0	0	-30	-30
3100	7	18	0	0	-30	-30
3200	7	10	0	0	-30	-28
3300	7	24	0	0	-30	-29
3400	6	11	0	0	-30	-30
3500	7	23	0	0	-30	-30
3600	6	7	0	0	-30	-30
3700	7	12	0	0	-30	-30
3800	7	21	0	0	-30	-29
3900	7	18	0	0	-30	-30
4000	7	22	0	0	-30	-30
4100	7	22	0	0	-30	-30
4200	7	19	0	0	-29	-28
4300	7	17	0	0	-30	-30
4400	7	17	0	0	-30	-29
4500	7	19	0	0	-30	-29
4600	7	15	0	0	-30	-29
4700	7	27	0	0	-30	-29
4800	7	11	0	0	-30	-30
4900	7	28	0	0	-30	-28
5000	7	18	0	0	-30	-29
5100	7	16	0	0	-29	-29
5200	7	27	0	0	-30	-30
5300	7	19	0	0	-30	-30
5400	7	17	0	0	-30	-29
5500	7	20	0	0	-30	-29
5600	6	14	0	0	-30	-30
5700	7	21	0	0	-30	-30
5800	7	21	0	0	-29	-29
5900	7	16	0	0	-30	-29
6000	7	18	0	0	-30	-28
6100	7	18	0	0	-30	-29
6200	19	29	0	0	-31	-30
6300	7	23	0	0	-30	-30
6400	20	25	0	0	-30	-30
6500	7	21	0	0	-30	-30
6600	21	30	0	0	-31	-30
6700	7	21	0	0	-30	-30
6800	20	29	0	0	-31	-30
6900	7	21	0	0	-30	-29
7000	20	30	0	0	-31	-30
7100	7	26	0	0	-30	-28
7200	20	29	0	0	-31	-30
7300	7	21	0	0	-30	-30
7400	20	25	0	0	-31	-30
7500	7	23	0	0	-30	-29
7600	20	31	0	0	-30	-29
7700	7	21	0	0	-30	-29
7800	20	24	0	0	-31	-30
7900	7	21	0	0	-30	-30
8000	21	34	0	0	-30	-28
8100	7	21	0	0	-30	-30
8200	20	32	0	0	-30	-30
8300	7	22	0	0	-30	-29
8400	20	29	0	0	-30	-30
8500	7	25	0	0	-30	-29
8600	20	26	0	0	-30	-29
8700	7	21	0	0	-30	-29
8800	20	36	0	0	-31	-30
8900	7	21	0	0	-30	-29
9000	21	35	0	0	-30	-30
9100	7	21	0	0	-30	-29
9200	20	23	0	0	-30	-30
9300	7	21	0	0	-30	-28
9400	20	23	0	0	-31	-30
9500	7	21	0	0	-30	-28
9600	20	25	0	0	-30	-28
9700	7	21	0	0	-30	-29
9800	20	29	0	0	-30	-30
9900	7	21	0	0	-30	-29
10000	21	31	0	0	-30	-29

Run 21
100	3	3	0	0	-32	-32
200	7	18	0	0	-30	-30
300	7	12	0	0	-30	-30
400	7	18	0	0	-29	-29
500	7	14	0	0	-30	-29
600	7	14	0	0	-30	-30
700	7	19	0	0	-30	-29
800	7	20	0	0	-30	-28
900	7	20	0	0	-30	-30
1000	7	15	0	0	-30	-29
1100	7	21	0	0	-30	-30
1200	7	14	0	0	-30	-30
1300	7	23	0	0	-30	-28
1400	7	27	0	0	-30	-29
1500	7	20	0	0	-30	-29
1600	7	19	0	0	-30	-29
1700	7	19	0	0	-30	-29
1800	7	13	0	0	-30	-29
1900	7	27	0	0	-30	-29
2000	7	17	0	0	-30	-30
2100	7	21	0	0	-30	-29
2200	7	11	0	0	-30	-30
2300	7	22	0	0	-30	-29
2400	7	14	0	0	-30	-29
2500	6	7	0	0	-30	-30
2600	7	11	0	0	-30	-29
2700	7	18	0	0	-30	-29
2800	7	26	0	0	-30	-29
2900	6	7	0	0	-30	-30
3000	7	18	0	2	-30	-29
3100	7	10	0	0	-30	-30
3200	7	14	0	0	-30	-30
3300	7	14	0	0	-30	-29
3400	7	24	0	0	-29	-29
3500	7	12	0	0	-30	-28
3600	7	14	0	0	-30	-29
3700	7	11	0	0	-30	-30
3800	7	19	0	0	-30	-30
3900	7	7	0	0	-30	-30
4000	7	15	0	0	-30	-30
4100	7	22	0	0	-30	-30
4200	6	7	0	0	-30	-30
4300	7	14	0	0	-30	-30
4400	7	19	0	0	-30	-29
4500	7	19	0	0	-30	-29
4600	7	22	0	0	-30	-29
4700	7	15	0	0	-30	-30
4800	7	17	0	0	-30	-29
4900	7	13	0	0	-30	-30
5000	7	22	0	0	-30	-30
5100	12	24	0	0	-30	-28
5200	7	16	0	0	-30	-29
5300	12	30	0	0	-30	-30
5400	7	12	0	0	-29	-29
5500	12	23	0	0	-30	-28
5600	7	20	0	0	-30	-30
5700	12	23	0	0	-29	-28
5800	7	19	0	0	-30	-30
5900	12	23	0	0	-30	-29
6000	7	21	0	0	-30	-30
6100	12	21	0	0	-30	-29
6200	7	19	0	0	-30	-30
6300	12	22	0	0	-30	-29
6400	7	18	0	0	-30	-29
6500	12	25	0	0	-30	-29
6600	7	20	0	0	-30	-30
6700	12	18	0	0	-29	-29
6800	7	12	0	0	-30	-30
6900	11	19	0	0	-30	-30
7000	7	17	0	0	-30	-30
7100	12	23	0	0	-30	-30
7200	7	18	0	0	-30	-30
7300	12	25	0	0	-29	-28
7400	7	16	0	0	-30	-29
7500	12	21	0	0	-30	-30
7600	7	21	0	0	-30	-28
7700	12	21	0	0	-29	-28
7800	7	27	0	0	-30	-29
7900	12	25	0	0	-30	-27
8000	7	21	0	0	-30	-29
8100	12	19	0	0	-30	-28
8200	7	24	0	0	-30	-30
8300	11	15	0	0	-30	-30
8400	7	14	0	0	-30	-29
8500	12	22	0	0	-30	-29
8600	7	12	0	0	-30	-30
8700	11	16	0	0	-30	-29
8800	7	26	0	0	-30	-28
8900	12	19	0	0	-30	-28
9000	7	24	0	0	-30	-30
9100	11	20	0	0	-30	-30
9200	7	18	0	0	-30	-29
9300	11	17	0	0	-29	-28
9400	7	23	0	0	-30	-30
9500	12	19	0	0	-29	-29
9600	7	18	0	0	-30	-29
9700	20	24	0	0	-29	-29
9800	7	21	0	0	-30	-30
9900	20	30	0	0	-30	-29
10000	7	21	0	0	-30	-30

Run 22
100	3	3	0	0	-32	-32
200	7	17	0	0	-30	-28
300	7	19	0	0	-30	-30
400	7	21	0	0	-29	-29
500	7	17	0	0	-30	-29
600	7	16	0	0	-30	-30
700	7	21	0	0	-29	-28
800	7	22	0	0	-30	-29
900	7	18	0	0	-30	-30
1000	7	12	0	0	-30	-30
1100	7	21	0	0	-29	-29
1200	7	16	0	0	-30	-29
1300	6	7	0	0	-30	-30
1400	7	25	0	0	-29	-29
1500	7	23	0	0	-30	-30
1600	7	18	0	0	-30	-29
1700	4	14	0	0	-31	-28
1800	6	7	0	0	-30	-30
1900	4	12	0	0	-31	-30
2000	7	14	0	0	-30	-30
2100	4	14	0	0	-31	-30
2200	7	13	0	0	-30	-30
2300	4	23	0	0	-31	-30
2400	7	23	0	0	-30	-28
2500	4	13	0	0	-31	-30
2600	7	18	0	0	-30	-30
2700	4	15	0	0	-31	-30
2800	7	21	0	0	-30	-28
2900	4	9	0	0	-31	-30
3000	7	16	0	0	-30	-30
3100	4	19	0	0	-31	-30
3200	7	20	0	0	-30	-30
3300	4	18	0	0	-31	-30
3400	7	19	0	0	-30	-30
3500	4	10	0	0	-30	-29
3600	7	20	0	0	-30	-29
3700	4	14	0	0	-30	-29
3800	7	14	0	0	-30	-29
3900	4	13	0	0	-31	-30
4000	6	10	0	0	-30	-28
4100	4	13	0	0	-31	-29
4200	7	18	0	0	-29	-29
4300	4	13	0	0	-31	-30
4400	7	19	0	0	-30	-30
4500	4	11	0	0	-31	-30
4600	7	24	0	0	-30	-29
4700	4	12	0	0	-30	-29
4800	7	18	0	0	-30	-29
4900	4	9	0	0	-30	-28
5000	6	8	0	0	-30	-30
5100	7	26	0	0	-33	-30
5200	7	17	0	0	-30	-30
5300	7	11	0	0	-33	-30
5400	7	23	0	0	-30	-28
5500	7	16	0	0	-33	-28
5600	10	22	0	0	-28	-26
5700	2	11	0	0	-31	-28
5800	10	12	0	0	-28	-28
5900	2	11	0	0	-32	-28
6000	11	22	0	0	-28	-27
6100	2	11	0	0	-31	-28
6200	11	30	0	0	-28	-28
6300	2	11	0	0	-31	-28
6400	11	26	0	0	-28	-26
6500	2	11	0	0	-31	-28
6600	11	21	0	0	-28	-27
6700	2	12	0	0	-31	-28
6800	11	23	0	0	-28	-28
6900	2	13	0	0	-31	-28
7000	11	27	0	0	-28	-28
7100	2	20	0	0	-31	-28
7200	10	15	0	0	-28	-26
7300	2	12	0	0	-32	-28
7400	11	31	0	0	-28	-27
7500	2	14	0	0	-31	-28
7600	11	31	0	0	-28	-27
7700	2	22	0	0	-31	-28
7800	11	21	0	0	-28	-27
7900	2	15	0	0	-31	-28
8000	10	20	0	0	-28	-28
8100	2	12	0	0	-31	-28
8200	10	16	0	0	-28	-27
8300	2	11	0	0	-32	-28
8400	10	15	0	0	-28	-28
8500	2	16	0	0	-31	-28
8600	11	22	0	0	-28	-28
8700	2	13	0	0	-31	-28
8800	10	16	0	0	-28	-27
8900	2	11	0	0	-31	-28
9000	11	27	0	0	-28	-28
9100	2	17	0	0	-31	-28
9200	10	11	0	0	-28	-28
9300	2	14	0	0	-32	-28
9400	10	11	0	0	-28	-27
9500	2	11	0	0	-31	-28
9600	11	23	0	0	-28	-27
9700	2	17	0	0	-31	-28
9800	11	25	0	0	-28	-27
9900	2	19	0	0	-31	-28
10000	11	28	0	0	-28	-27

Run 23
100	3	3	0	0	-32	-32
200	6	11	0	0	-30	-29
300	7	16	0	0	-30	-29
400	7	12	0	0	-30	-29
500	7	17	0	0	-30	-30
600	7	19	0	0	-30	-30
700	7	14	0	0	-30	-29
800	7	23	0	0	-30	-29
900	6	7	0	0	-30	-30
1000	7	14	0	0	-30	-29
1100	7	11	0	0	-30	-30
1200	7	16	0	0	-30	-30
1300	7	14	0	0	-29	-28
1400	7	23	0	0	-30	-30
1500	7	15	0	0	-30	-29
1600	7	7	0	0	-30	-30
1700	6	8	0	0	-30	-29
1800	7	11	0	0	-30	-29
1900	7	28	0	0	-30	-29
2000	7	19	0	0	-30	-30
2100	7	15	0	0	-30	-28
2200	7	14	0	0	-30	-29
2300	7	15	0	0	-30	-30
2400	6	7	0	0	-30	-30
2500	7	21	0	0	-30	-29
2600	7	16	0	0	-30	-29
2700	7	11	0	0	-30	-30
2800	7	21	0	0	-30	-29
2900	7	10	0	0	-30	-29
3000	7	9	0	0	-30	-30
3100	7	23	0	0	-30	-29
3200	7	22	0	0	-30	-29
3300	7	25	0	0	-30	-30
3400	7	16	0	0	-30	-29
3500	7	17	0	0	-30	-28
3600	7	12	0	0	-30	-30
3700	7	23	0	0	-30	-29
3800	7	17	0	0	-29	-28
3900	7	17	0	0	-30	-30
4000	7	11	0	0	-30	-29
4100	7	26	0	0	-30	-30
4200	6	7	0	0	-30	-30
4300	7	13	0	0	-30	-30
4400	7	13	0	0	-30	-29
4500	7	20	0	0	-30	-29
4600	7	23	0	0	-30	-30
4700	7	12	0	0	-29	-28
4800	7	18	0	0	-30	-29
4900	6	12	0	0	-30	-30
5000	7	14	0	0	-30	-29
5100	7	16	0	0	-30	-29
5200	7	17	0	0	-30	-29
5300	7	16	0	0	-30	-30
5400	7	24	0	0	-30	-29
5500	7	12	0	0	-30	-29
5600	7	17	0	0	-30	-29
5700	7	14	0	0	-30	-30
5800	6	13	0	0	-30	-29
5900	7	18	0	0	-30	-30
6000	7	14	0	0	-30	-30
6100	7	16	0	0	-30	-30
6200	7	23	0	0	-30	-30
6300	7	16	0	0	-30	-29
6400	7	17	0	0	-30	-30
6500	17	27	0	0	-31	-30
6600	7	17	0	0	-30	-30
6700	17	26	0	0	-31	-30
6800	7	19	0	0	-30	-29
6900	17	26	0	0	-30	-30
7000	7	27	0	0	-30	-29
7100	17	25	0	0	-31	-30
7200	7	18	0	0	-30	-29
7300	16	32	0	0	-30	-30
7400	7	17	0	0	-30	-30
7500	17	24	0	0	-31	-30
7600	7	26	0	0	-30	-30
7700	17	26	0	0	-31	-29
7800	7	21	0	0	-30	-30
7900	17	27	0	0	-30	-30
8000	7	19	0	0	-30	-30
8100	16	28	0	0	-31	-30
8200	7	17	0	0	-30	-30
8300	16	18	0	0	-31	-30
8400	7	17	0	2	-30	-29
8500	16	22	0	0	-30	-28
8600	7	17	0	0	-30	-30
8700	16	25	0	0	-31	-30
8800	7	17	0	0	-30	-29
8900	17	32	0	0	-31	-31
9000	8	26	0	0	-31	-30
9100	16	23	0	0	-31	-31
9200	8	17	0	0	-31	-31
9300	17	26	0	0	-31	-31
9400	8	21	0	0	-31	-31
9500	16	23	0	0	-31	-31
9600	8	17	0	0	-31	-30
9700	17	27	0	0	-30	-30
9800	8	18	0	0	-30	-28
9900	18	26	0	0	-30	-30
10000	8	20	0	0	-30	-29

Run 24
100	3	3	0	0	-32	-32
200	6	13	0	0	-30	-30
300	7	21	0	0	-30	-30
400	7	17	0	0	-29	-29
500	7	18	0	0	-30	-29
600	20	36	0	0	-30	-30
700	7	21	0	0	-30	-29
800	20	23	0	0	-30	-30
900	7	23	0	0	-30	-30
1000	21	34	0	0	-29	-28
1100	7	21	0	0	-30	-29
1200	21	26	0	0	-30	-29
1300	11	24	0	0	-30	-29
1400	21	29	0	0	-30	-28
1500	11	24	0	0	-31	-30
1600	20	21	0	0	-30	-30
1700	11	21	0	0	-31	-30
1800	21	34	0	0	-30	-30
1900	11	23	0	0	-30	-30
2000	21	33	0	0	-30	-29
2100	11	21	0	0	-31	-29
2200	21	29	0	0	-30	-28
2300	11	24	0	0	-31	-30
2400	20	27	0	0	-30	-30
2500	11	21	0	0	-30	-30
2600	21	37	0	0	-30	-29
2700	11	22	0	0	-30	-30
2800	20	24	0	0	-29	-28
2900	11	21	0	0	-31	-30
3000	20	23	0	0	-30	-30
3100	11	21	0	0	-30	-30
3200	20	25	0	0	-30	-29
3300	11	30	0	0	-31	-30
3400	20	23	0	0	-30	-30
3500	11	20	0	0	-31	-29
3600	7	13	0	0	-30	-30
3700	11	24	0	0	-31	-30
3800	7	17	0	0	-30	-29
3900	11	23	0	0	-30	-30
4000	7	19	0	0	-29	-29
4100	11	26	0	0	-31	-30
4200	7	16	0	0	-30	-30
4300	11	27	0	0	-31	-30
4400	7	17	0	0	-30	-29
4500	11	21	0	0	-31	-30
4600	7	21	0	0	-30	-29
4700	11	17	0	0	-31	-30
4800	7	17	0	0	-30	-28
4900	17	26	0	0	-31	-30
5000	7	19	0	0	-30	-30
5100	16	21	0	0	-32	-30
5200	7	19	0	0	-30	-30
5300	16	24	0	0	-31	-30
5400	7	17	0	0	-30	-30
5500	17	30	0	0	-31	-30
5600	7	17	0	0	-30	-30
5700	16	26	0	0	-31	-30
5800	7	17	0	0	-30	-30
5900	16	25	0	0	-31	-30
6000	7	18	0	0	-30	-29
6100	17	31	0	0	-31	-30
6200	7	17	0	0	-30	-29
6300	16	32	0	0	-31	-30
6400	7	17	0	0	-30	-30
6500	17	25	0	0	-31	-30
6600	7	17	0	0	-30	-30
6700	16	22	0	0	-31	-30
6800	7	21	0	0	-30	-30
6900	17	27	0	0	-32	-30
7000	7	20	0	0	-30	-29
7100	17	33	0	0	-31	-31
7200	8	17	0	0	-31	-31
7300	16	21	0	0	-32	-31
7400	8	28	0	0	-31	-31
7500	17	27	0	0	-32	-31
7600	8	17	0	0	-31	-30
7700	17	31	0	0	-32	-31
7800	8	17	0	0	-31	-31
7900	16	23	0	0	-31	-31
8000	8	18	0	0	-31	-31
8100	16	17	0	0	-32	-31
8200	8	19	0	0	-31	-31
8300	16	23	0	0	-32	-31
8400	8	17	0	0	-31	-31
8500	17	34	0	0	-32	-30
8600	8	17	0	0	-31	-31
8700	16	30	0	0	-31	-31
8800	8	28	0	0	-31	-30
8900	17	34	0	0	-31	-31
9000	8	17	0	0	-31	-30
9100	16	19	0	0	-32	-31
9200	8	21	0	0	-31	-30
9300	17	27	0	0	-31	-31
9400	8	17	0	0	-31	-30
9500	17	28	0	0	-32	-31
9600	8	21	0	0	-30	-30
9700	17	23	0	0	-31	-31
9800	8	19	0	0	-31	-31
9900	17	29	0	0	-32	-31
10000	8	23	0	0	-31	-31

Run 25
100	3	3	0	0	-32	-32
200	7	19	0	0	-30	-30
300	7	23	0	0	-30	-29
400	7	21	0	0	-30	-29
500	7	21	0	0	-30	-29
600	20	27	0	0	-30	-29
700	5	21	0	0	-31	-30
800	21	31	0	0	-30	-29
900	5	21	0	0	-30	-29
1000	20	32	0	0	-30	-30
1100	5	32	0	0	-31	-30
1200	21	33	0	0	-30	-29
1300	5	21	0	0	-31	-30
1400	21	31	0	0	-30	-29
1500	5	21	0	0	-31	-30
1600	20	33	0	0	-30	-29
1700	5	21	0	0	-31	-30
1800	20	30	0	0	-30	-30
1900	2	21	0	0	-31	-30
2000	21	37	0	0	-30	-30
2100	2	21	0	0	-31	-30
2200	21	32	0	0	-30	-30
2300	2	21	0	0	-32	-30
2400	20	29	0	0	-30	-30
2500	2	21	0	0	-32	-30
2600	20	35	0	0	-30	-30
2700	2	21	0	0	-32	-30
2800	20	30	0	0	-30	-29
2900	2	21	0	0	-32	-30
3000	21	33	0	0	-30	-29
3100	2	21	0	0	-32	-30
3200	21	29	0	0	-30	-29
3300	2	24	0	0	-32	-29
3400	26	40	0	0	-29	-29
3500	2	37	0	0	-32	-30
3600	37	47	0	0	-29	-28
3700	15	38	0	0	-31	-30
3800	38	47	0	0	-30	-29
3900	15	38	0	0	-31	-30
4000	37	46	0	0	-30	-29
4100	15	38	0	0	-31	-30
4200	37	41	0	0	-30	-29
4300	15	38	0	0	-31	-30
4400	37	41	0	0	-30	-29
4500	15	38	0	0	-32	-30
4600	38	50	0	0	-30	-29
4700	15	38	0	0	-32	-30
4800	37	40	0	0	-30	-30
4900	15	38	0	0	-31	-30
5000	37	46	0	0	-30	-29
5100	15	38	0	0	-32	-30
5200	37	46	0	0	-30	-30
5300	14	38	0	0	-31	-30
5400	37	43	0	0	-30	-30
5500	15	38	0	0	-31	-30
5600	37	42	0	0	-30	-29
5700	14	36	0	0	-31	-31
5800	35	44	0	0	-31	-30
5900	15	36	0	0	-31	-31
6000	35	40	0	0	-31	-30
6100	15	36	0	0	-31	-30
6200	35	36	0	0	-31	-31
6300	15	36	0	0	-31	-30
6400	35	51	0	0	-31	-30
6500	15	36	0	0	-32	-30
6600	36	47	0	0	-31	-30
6700	15	36	0	0	-31	-31
6800	36	51	0	0	-31	-29
6900	15	36	0	0	-31	-31
7000	35	40	0	0	-31	-30
7100	15	36	0	0	-32	-31
7200	35	40	0	0	-31	-30
7300	15	36	0	0	-31	-31
7400	35	44	0	0	-31	-31
7500	15	36	0	0	-31	-31
7600	35	40	0	0	-31	-30
7700	15	36	0	0	-32	-31
7800	35	43	0	0	-30	-29
7900	15	36	0	0	-31	-31
8000	35	47	0	0	-31	-29
8100	15	36	0	0	-32	-31
8200	35	41	0	0	-31	-31
8300	15	36	0	0	-31	-31
8400	35	48	0	0	-31	-30
8500	14	36	0	0	-31	-30
8600	35	42	0	0	-31	-31
8700	15	36	0	0	-32	-31
8800	35	48	0	0	-31	-31
8900	15	36	0	0	-31	-31
9000	35	48	0	0	-31	-31
9100	15	36	0	0	-32	-31
9200	35	41	0	0	-31	-29
9300	15	36	0	0	-32	-31
9400	35	48	0	0	-31	-30
9500	15	36	0	0	-32	-31
9600	35	43	0	0	-30	-29
9700	15	36	0	0	-32	-31
9800	35	41	0	0	-31	-30
9900	15	22	0	0	-31	-31
10000	22	33	0	0	-31	-30

Run 26
100	3	3	0	0	-32	-32
200	7	21	0	0	-30	-30
300	7	18	0	0	-30	-28
400	7	11	0	0	-30	-30
500	7	17	0	0	-30	-29
600	7	13	0	0	-29	-28
700	7	11	0	0	-30	-29
800	7	23	0	0	-30	-28
900	7	13	0	0	-30	-30
1000	7	14	0	0	-30	-30
1100	7	17	0	0	-30	-29
1200	7	16	0	0	-30	-29
1300	7	17	0	0	-30	-29
1400	7	20	0	0	-30	-30
1500	7	15	0	0	-30	-30
1600	6	12	0	0	-30	-30
1700	7	14	0	0	-30	-29
1800	7	17	0	0	-30	-30
1900	7	21	0	0	-30	-30
2000	7	17	0	0	-30	-29
2100	7	15	0	0	-30	-29
2200	7	17	0	0	-30	-28
2300	7	19	0	0	-30	-30
2400	7	20	0	0	-30	-30
2500	8	18	0	0	-31	-30
2600	7	16	0	0	-30	-29
2700	8	15	0	0	-30	-30
2800	7	12	0	0	-30	-30
2900	8	15	0	0	-31	-29
3000	7	15	0	0	-30	-29
3100	8	12	0	0	-31	-30
3200	7	11	0	0	-30	-30
3300	8	19	0	0	-31	-30
3400	7	16	0	0	-30	-30
3500	8	20	0	0	-31	-30
3600	7	10	0	0	-30	-30
3700	8	11	0	0	-31	-30
3800	7	11	0	0	-30	-29
3900	8	20	0	0	-31	-30
4000	7	13	0	0	-30	-29
4100	8	21	0	0	-30	-30
4200	7	17	0	0	-29	-28
4300	8	15	0	0	-30	-28
4400	10	21	0	0	-28	-28
4500	8	26	0	0	-31	-28
4600	10	19	0	0	-28	-28
4700	7	13	0	0	-31	-28
4800	10	24	0	0	-28	-27
4900	8	22	0	0	-30	-28
5000	9	14	0	0	-28	-27
5100	8	20	0	0	-31	-28
5200	10	15	0	0	-28	-28
5300	7	13	0	0	-31	-28
5400	10	22	0	0	-28	-28
5500	7	10	0	0	-30	-28
5600	10	22	0	0	-28	-28
5700	7	14	0	0	-31	-28
5800	10	24	0	0	-28	-27
5900	8	19	0	0	-31	-28
6000	10	18	0	0	-28	-27
6100	8	17	0	0	-30	-28
6200	10	24	0	0	-28	-28
6300	8	17	0	0	-30	-28
6400	9	14	0	0	-28	-27
6500	8	15	0	0	-31	-28
6600	9	14	0	0	-28	-28
6700	8	25	0	0	-31	-28
6800	10	19	0	0	-28	-28
6900	8	20	0	0	-31	-28
7000	10	19	0	0	-28	-27
7100	8	17	0	0	-30	-28
7200	10	24	0	0	-28	-27
7300	8	13	0	0	-31	-28
7400	10	25	0	0	-28	-28
7500	8	22	0	0	-30	-28
7600	10	13	0	0	-28	-28
7700	7	19	0	0	-31	-29
7800	7	17	0	0	-29	-29
7900	8	14	0	0	-30	-29
8000	7	22	0	0	-29	-29
8100	8	16	0	0	-30	-29
8200	7	14	0	0	-29	-27
8300	8	14	0	0	-30	-29
8400	7	23	0	0	-29	-29
8500	8	14	0	0	-31	-29
8600	7	12	0	0	-29	-28
8700	8	19	0	0	-30	-29
8800	7	18	0	0	-29	-27
8900	8	18	0	0	-31	-29
9000	7	18	0	0	-29	-29
9100	7	11	0	0	-31	-29
9200	7	16	0	0	-29	-29
9300	7	12	0	0	-30	-29
9400	7	19	0	0	-29	-29
9500	8	16	0	0	-30	-29
9600	17	31	0	0	-29	-29
9700	8	17	0	0	-30	-29
9800	17	31	0	0	-29	-28
9900	8	17	0	0	-31	-29
10000	17	34	0	0	-29	-29

Run 27
100	3	3	0	0	-32	-32
200	7	13	0	0	-30	-30
300	7	19	0	0	-30	-29
400	7	23	0	0	-30	-29
500	7	14	0	0	-30	-30
600	7	17	0	0	-30	-30
700	7	19	0	0	-30	-30
800	7	7	0	0	-30	-30
900	7	21	0	0	-30	-30
1000	7	25	0	0	-29	-29
1100	7	16	0	0	-29	-29
1200	6	9	0	0	-30	-29
1300	6	16	0	0	-30	-30
1400	7	17	0	0	-30	-30
1500	7	16	0	0	-30	-30
1600	7	11	0	0	-30	-30
1700	7	18	0	0	-30	-30
1800	7	23	0	0	-30	-30
1900	7	18	0	0	-30	-30
2000	7	22	0	0	-30	-29
2100	7	17	0	0	-30	-28
2200	7	17	0	0	-30	-30
2300	7	13	0	0	-30	-29
2400	7	22	0	0	-30	-30
2500	7	14	0	0	-30	-29
2600	7	19	0	0	-30	-30
2700	4	19	0	0	-31	-30
2800	7	15	0	0	-30	-29
2900	4	7	0	0	-31	-30
3000	7	15	0	0	-30	-29
3100	4	16	0	0	-31	-30
3200	7	16	0	0	-30	-29
3300	4	24	0	0	-31	-30
3400	7	21	0	0	-30	-30
3500	4	19	0	0	-31	-28
3600	7	22	0	0	-30	-30
3700	4	7	0	0	-31	-30
3800	7	17	0	0	-30	-29
3900	4	8	0	0	-31	-30
4000	7	18	0	0	-30	-29
4100	4	19	0	0	-31	-30
4200	7	17	0	0	-30	-29
4300	4	18	0	0	-31	-30
4400	7	20	0	0	-29	-28
4500	4	20	0	0	-31	-30
4600	6	7	0	0	-30	-30
4700	4	15	0	0	-31	-30
4800	7	23	0	0	-30	-29
4900	4	19	0	0	-31	-30
5000	7	28	0	0	-30	-29
5100	4	14	0	0	-30	-28
5200	7	18	0	0	-30	-29
5300	14	21	0	0	-31	-30
5400	7	15	0	0	-30	-30
5500	14	19	0	0	-31	-30
5600	7	15	0	0	-30	-29
5700	15	21	0	0	-31	-30
5800	7	15	0	0	-30	-30
5900	15	31	0	0	-32	-30
6000	7	17	0	0	-30	-29
6100	15	28	0	0	-31	-30
6200	7	28	0	0	-30	-30
6300	15	24	0	0	-31	-30
6400	7	16	0	0	-30	-30
6500	14	21	0	0	-31	-30
6600	7	15	0	0	-30	-30
6700	14	23	0	0	-31	-30
6800	7	18	0	0	-30	-29
6900	14	23	0	0	-32	-30
7000	7	18	0	0	-30	-30
7100	19	28	0	0	-31	-30
7200	7	20	0	0	-30	-29
7300	20	27	0	0	-30	-29
7400	7	20	0	0	-30	-29
7500	20	31	0	0	-31	-30
7600	7	20	0	0	-30	-28
7700	19	31	0	0	-31	-30
7800	7	20	0	0	-30	-28
7900	20	35	0	0	-30	-29
8000	7	20	0	0	-30	-30
8100	19	25	0	0	-31	-30
8200	7	23	0	0	-30	-29
8300	20	36	0	0	-31	-30
8400	7	20	0	0	-30	-30
8500	20	31	0	0	-31	-30
8600	7	20	0	0	-30	-29
8700	19	29	0	0	-31	-30
8800	7	23	0	0	-30	-30
8900	20	39	0	0	-30	-30
9000	7	21	0	0	-30	-30
9100	19	23	0	0	-31	-30
9200	7	23	0	0	-30	-30
9300	20	29	0	0	-31	-30
9400	7	20	0	0	-30	-29
9500	19	23	0	0	-30	-29
9600	7	20	0	0	-30	-29
9700	19	26	0	0	-31	-30
9800	7	20	0	0	-30	-30
9900	19	22	0	0	-30	-30
10000	7	23	0	0	-30	-29

Run 28
100	3	3	0	0	-32	-32
200	7	17	0	0	-30	-29
300	7	17	0	0	-30	-29
400	7	14	0	0	-30	-29
500	7	15	0	0	-30	-30
600	7	14	0	0	-30	-30
700	7	12	0	0	-29	-28
800	7	18	0	0	-30	-29
900	7	13	0	0	-30	-29
1000	7	11	0	0	-30	-29
1100	7	15	0	0	-29	-28
1200	7	27	0	0	-30	-29
1300	7	16	0	0	-30	-30
1400	7	20	0	0	-30	-30
1500	7	17	0	0	-30	-29
1600	7	7	0	0	-30	-30
1700	7	21	0	0	-30	-27
1800	7	12	0	0	-30	-30
1900	7	13	0	0	-29	-28
2000	7	20	0	0	-30	-30
2100	7	16	0	0	-30	-29
2200	7	15	0	0	-30	-30
2300	7	25	0	0	-30	-30
2400	7	19	0	0	-30	-29
2500	7	18	0	0	-30	-30
2600	7	15	0	0	-30	-29
2700	7	23	0	0	-30	-30
2800	7	20	0	0	-30	-29
2900	7	23	0	0	-30	-29
3000	7	25	0	0	-30	-29
3100	6	9	0	0	-30	-30
3200	6	7	0	0	-30	-30
3300	7	23	0	0	-30	-30
3400	7	19	0	0	-30	-30
3500	7	13	0	0	-30	-29
3600	7	17	0	0	-30	-30
3700	7	10	0	0	-30	-30
3800	7	11	0	0	-30	-30
3900	7	13	0	0	-30	-29
4000	7	28	0	0	-30	-29
4100	7	18	0	0	-30	-30
4200	7	17	0	0	-30	-29
4300	7	27	0	0	-30	-30
4400	7	17	0	0	-30	-30
4500	7	12	0	0	-29	-28
4600	7	12	0	0	-29	-28
4700	7	18	0	0	-30	-30
4800	7	16	0	0	-30	-30
4900	7	17	0	0	-30	-29
5000	7	21	0	0	-30	-29
5100	7	19	0	0	-30	-30
5200	7	22	0	0	-30	-28
5300	7	13	0	0	-29	-28
5400	7	14	0	0	-30	-29
5500	7	23	0	0	-30	-30
5600	7	12	0	0	-30	-30
5700	7	13	0	0	-30	-30
5800	7	19	0	0	-30	-30
5900	7	21	0	0	-30	-28
6000	6	10	0	0	-30	-30
6100	7	26	0	0	-30	-29
6200	7	14	0	0	-30	-29
6300	7	15	0	0	-30	-30
6400	7	19	0	0	-30	-30
6500	7	17	0	0	-30	-28
6600	16	27	0	0	-30	-30
6700	7	16	0	0	-30	-29
6800	16	30	0	0	-30	-30
6900	7	18	0	0	-30	-29
7000	15	19	0	0	-30	-30
7100	7	16	0	0	-30	-30
7200	16	23	0	0	-30	-30
7300	7	24	0	0	-30	-28
7400	15	21	0	0	-30	-29
7500	7	21	0	0	-30	-30
7600	16	28	0	0	-30	-30
7700	7	20	0	0	-30	-30
7800	15	18	0	0	-30	-29
7900	7	16	0	0	-30	-29
8000	15	18	0	0	-30	-29
8100	7	23	0	0	-30	-30
8200	15	20	0	0	-30	-30
8300	7	17	0	0	-30	-30
8400	16	23	0	0	-30	-29
8500	7	16	0	0	-30	-29
8600	15	23	0	0	-30	-28
8700	7	19	0	0	-30	-29
8800	16	26	0	0	-30	-29
8900	7	23	0	0	-30	-29
9000	16	28	0	0	-30	-29
9100	7	16	0	0	-30	-29
9200	16	25	0	0	-30	-30
9300	13	29	0	0	-30	-29
9400	16	32	0	0	-30	-30
9500	13	24	0	0	-30	-29
9600	23	35	0	0	-30	-30
9700	13	23	0	0	-30	-29
9800	22	28	0	0	-30	-29
9900	13	23	0	0	-30	-30
10000	22	23	0	0	-30	-30

Run 29
100	3	3	0	0	-32	-32
200	7	16	0	0	-30	-29
300	7	11	0	0	-30	-30
400	7	15	0	0	-30	-28
500	7	22	0	0	-30	-29
600	6	12	0	0	-30	-30
700	7	15	0	0	-30	-30
800	7	16	0	0	-30	-30
900	7	17	0	0	-30	-29
1000	7	19	0	0	-30	-30
1100	7	19	0	0	-30	-30
1200	7	16	0	0	-30	-29
1300	7	13	0	0	-30	-30
1400	5	16	0	0	-31	-30
1500	7	18	0	0	-30	-30
1600	5	15	0	0	-31	-30
1700	6	11	0	0	-30	-29
1800	5	21	0	0	-30	-30
1900	7	18	0	0	-30	-30
2000	5	8	0	0	-30	-30
2100	7	13	0	0	-30	-30
2200	5	15	0	0	-31	-30
2300	7	17	0	0	-30	-30
2400	4	8	0	0	-31	-30
2500	7	16	0	0	-30	-30
2600	5	12	0	0	-31	-30
2700	7	23	0	0	-30	-28
2800	5	14	0	0	-31	-30
2900	7	14	0	0	-30	-28
3000	5	25	0	0	-31	-30
3100	7	23	0	0	-30	-30
3200	5	14	0	0	-31	-30
3300	7	16	0	0	-30	-29
3400	5	15	0	0	-31	-30
3500	7	22	0	0	-30	-30
3600	5	11	0	0	-31	-30
3700	7	15	0	0	-30	-29
3800	5	11	0	0	-30	-30
3900	7	19	0	0	-30	-30
4000	4	8	0	0	-31	-30
4100	6	11	0	0	-30	-28
4200	5	10	0	0	-30	-29
4300	7	18	0	0	-30	-29
4400	5	26	0	0	-31	-30
4500	16	17	0	0	-30	-30
4600	5	17	0	0	-31	-30
4700	17	32	0	0	-30	-29
4800	2	17	0	0	-31	-30
4900	16	20	0	0	-30	-29
5000	2	17	0	0	-32	-30
5100	16	23	0	0	-30	-29
5200	2	17	0	0	-31	-30
5300	17	36	0	0	-30	-29
5400	2	17	0	0	-32	-30
5500	17	27	0	0	-30	-28
5600	2	17	0	0	-31	-30
5700	16	18	0	0	-30	-28
5800	2	17	0	0	-32	-30
5900	16	17	0	0	-30	-30
6000	2	17	0	0	-32	-30
6100	17	33	0	0	-30	-30
6200	2	21	0	0	-32	-30
6300	17	31	0	0	-30	-29
6400	2	17	0	0	-32	-30
6500	16	32	0	0	-30	-29
6600	2	32	0	0	-32	-31
6700	13	21	0	0	-31	-31
6800	2	20	0	0	-32	-31
6900	14	29	0	0	-31	-31
7000	2	14	0	0	-32	-31
7100	14	26	0	0	-31	-31
7200	2	14	0	0	-32	-31
7300	14	29	0	0	-31	-31
7400	2	14	0	0	-32	-31
7500	14	25	0	0	-31	-31
7600	2	15	0	0	-32	-31
7700	14	29	0	0	-31	-30
7800	2	14	0	0	-32	-31
7900	13	14	0	0	-31	-29
8000	0	14	0	0	-32	-31
8100	14	26	0	0	-31	-29
8200	0	14	0	0	-32	-31
8300	14	23	0	0	-31	-31
8400	0	14	0	0	-32	-31
8500	13	31	0	0	-31	-31
8600	0	14	0	0	-32	-31
8700	13	28	0	0	-31	-31
8800	0	14	0	0	-32	-31
8900	13	31	0	0	-31	-30
9000	0	14	0	0	-32	-31
9100	14	28	0	0	-31	-31
9200	0	14	0	0	-32	-31
9300	14	25	0	0	-31	-30
9400	0	14	0	0	-32	-31
9500	13	15	0	0	-31	-31
9600	0	14	0	0	-32	-31
9700	13	17	0	0	-31	-30
9800	0	14	0	0	-32	-31
9900	14	22	0	0	-31	-30
10000	0	14	0	0	-32	-31

Run 30
100	3	3	0	0	-32	-32
200	7	19	0	0	-30	-30
300	7	20	0	0	-30	-30
400	7	22	0	0	-30	-29
500	7	15	0	0	-30	-29
600	7	13	0	0	-30	-30
700	7	16	0	0	-30	-30
800	7	18	0	0	-30	-29
900	7	15	0	0	-30	-30
1000	7	14	0	0	-30	-30
1100	7	16	0	0	-30	-29
1200	7	27	0	0	-30	-29
1300	7	18	0	0	-30	-30
1400	19	26	0	0	-31	-30
1500	7	21	0	0	-30	-30
1600	18	25	0	0	-31	-30
1700	7	19	0	0	-30	-30
1800	19	29	0	0	-30	-29
1900	7	19	0	0	-30	-30
2000	18	29	0	0	-30	-30
2100	7	19	0	0	-30	-29
2200	18	28	0	0	-31	-30
2300	7	19	0	0	-30	-28
2400	18	29	0	0	-30	-29
2500	7	26	0	0	-30	-30
2600	19	31	0	0	-30	-29
2700	7	28	0	0	-30	-29
2800	19	32	0	0	-30	-30
2900	7	19	0	0	-30	-30
3000	19	28	0	0	-30	-29
3100	7	19	0	0	-30	-28
3200	18	29	0	0	-30	-30
3300	7	19	0	0	-30	-30
3400	18	29	0	0	-31	-30
3500	7	21	0	0	-30	-29
3600	18	28	0	0	-31	-30
3700	7	21	0	0	-30	-29
3800	19	31	0	0	-30	-29
3900	7	19	0	0	-30	-29
4000	18	27	0	0	-31	-30
4100	7	19	0	0	-30	-30
4200	19	31	0	0	-30	-30
4300	7	24	0	0	-30	-28
4400	19	31	0	0	-31	-29
4500	7	29	0	0	-30	-30
4600	25	34	0	0	-31	-30
4700	7	25	0	0	-30	-29
4800	24	29	0	0	-31	-30
4900	7	25	0	0	-30	-30
5000	24	31	0	0	-31	-30
5100	7	25	0	0	-30	-29
5200	24	32	0	0	-30	-30
5300	7	27	0	0	-30	-29
5400	24	34	0	0	-31	-30
5500	7	25	0	0	-30	-28
5600	25	42	0	0	-31	-30
5700	7	25	0	0	-30	-29
5800	24	29	0	0	-30	-29
5900	7	25	0	0	-30	-29
6000	25	38	0	0	-30	-30
6100	7	25	0	0	-30	-29
6200	25	32	0	0	-30	-28
6300	7	25	0	0	-30	-30
6400	24	30	0	0	-30	-29
6500	16	25	0	0	-30	-30
6600	24	39	0	0	-31	-30
6700	16	25	0	0	-30	-29
6800	24	25	0	0	-30	-30
6900	16	37	0	0	-30	-30
7000	24	33	0	0	-30	-29
7100	16	29	0	0	-30	-30
7200	24	32	0	0	-30	-29
7300	15	25	0	0	-30	-29
7400	24	29	0	0	-31	-30
7500	16	25	0	0	-30	-28
7600	24	34	0	0	-31	-30
7700	15	25	0	0	-30	-30
7800	25	33	0	0	-30	-29
7900	16	25	0	0	-30	-30
8000	25	34	0	0	-31	-29
8100	16	25	0	0	-30	-30
8200	24	29	0	0	-30	-30
8300	16	25	0	0	-29	-28
8400	25	33	0	0	-31	-30
8500	16	37	0	0	-30	-30
8600	24	37	0	0	-30	-30
8700	16	27	0	0	-30	-30
8800	24	29	0	0	-30	-30
8900	16	25	0	0	-30	-29
9000	24	33	0	0	-31	-30
9100	16	26	0	0	-30	-30
9200	25	42	0	0	-30	-29
9300	16	30	0	0	-30	-29
9400	25	31	0	0	-30	-29
9500	16	26	0	0	-30	-29
9600	24	33	0	0	-30	-30
9700	16	28	0	0	-30	-30
9800	24	30	0	0	-30	-30
9900	16	25	0	0	-30	-29
10000	24	29	0	0	-31	-30

